
0.00,0.19,0.06,-9.60,0.00,0.00,0.00,0.19,0.06,-9.60,1.00,-0.00,0.00,0.00,1.00,-0.00,-0.00,0.00,1.00,1

0.04,0.18,0.07,-9.61,0.00,0.00,0.00,0.18,0.08,-9.61,1.00,-0.00,0.00,0.00,1.00,-0.00,-0.00,0.00,1.00,1

0.07,0.19,0.05,-9.60,0.00,0.00,0.00,0.18,0.07,-9.60,1.00,-0.00,0.00,0.00,1.00,-0.00,-0.00,0.00,1.00,1

0.10,0.18,0.06,-9.60,0.00,0.00,0.00,0.18,0.08,-9.60,1.00,-0.00,0.00,0.00,1.00,-0.00,-0.00,0.00,1.00,1

0.13,0.18,0.06,-9.62,0.00,0.00,0.00,0.18,0.09,-9.62,1.00,-0.00,0.00,0.00,1.00,-0.00,-0.00,0.00,1.00,1

0.16,0.19,0.05,-9.60,0.00,0.00,0.00,0.18,0.09,-9.60,1.00,-0.00,0.00,0.00,1.00,-0.00,-0.00,0.00,1.00,1

0.20,0.19,0.06,-9.60,0.00,0.00,0.00,0.18,0.10,-9.60,1.00,-0.00,0.00,0.00,1.00,-0.00,-0.00,0.00,1.00,1

0.23,0.19,0.05,-9.60,0.00,0.00,0.00,0.18,0.11,-9.60,1.00,-0.00,0.00,0.00,1.00,-0.01,-0.00,0.01,1.00,1

0.26,0.18,0.05,-9.62,0.00,0.00,0.00,0.17,0.12,-9.62,1.00,-0.00,0.00,0.00,1.00,-0.01,-0.00,0.01,1.00,1

0.30,0.19,0.06,-9.61,0.00,0.00,0.00,0.17,0.13,-9.61,1.00,-0.00,0.00,0.00,1.00,-0.01,-0.00,0.01,1.00,1

0.33,0.18,0.06,-9.60,0.00,0.00,0.00,0.16,0.13,-9.60,1.00,-0.00,0.00,0.00,1.00,-0.01,-0.00,0.01,1.00,1

0.36,0.17,0.06,-9.61,0.00,0.00,0.00,0.15,0.14,-9.61,1.00,-0.00,0.00,0.00,1.00,-0.01,-0.00,0.01,1.00,1

0.39,0.19,0.06,-9.61,0.00,0.00,0.00,0.16,0.15,-9.61,1.00,-0.00,0.00,0.00,1.00,-0.01,-0.00,0.01,1.00,1

0.43,0.19,0.06,-9.61,0.00,0.00,0.00,0.16,0.16,-9.61,1.00,-0.00,0.00,0.00,1.00,-0.01,-0.00,0.01,1.00,1

0.46,0.17,0.06,-9.61,0.00,0.00,0.00,0.14,0.16,-9.61,1.00,-0.00,0.00,0.00,1.00,-0.01,-0.00,0.01,1.00,1

0.49,0.18,0.05,-9.62,0.00,0.00,0.00,0.15,0.16,-9.62,1.00,-0.00,0.00,0.00,1.00,-0.01,-0.00,0.01,1.00,1

0.52,0.20,0.05,-9.61,0.00,0.00,0.00,0.16,0.17,-9.61,1.00,-0.01,0.00,0.01,1.00,-0.01,-0.00,0.01,1.00,1

0.56,0.15,0.10,-9.60,0.00,0.00,0.00,0.12,0.23,-9.60,1.00,-0.01,0.00,0.01,1.00,-0.01,-0.00,0.01,1.00,1

0.59,0.18,0.05,-9.62,0.00,0.00,0.00,0.15,0.18,-9.62,1.00,-0.01,0.00,0.01,1.00,-0.01,-0.00,0.01,1.00,1

0.62,0.18,0.04,-9.62,0.00,0.00,0.00,0.15,0.18,-9.62,1.00,-0.01,0.00,0.01,1.00,-0.01,-0.00,0.01,1.00,1

0.65,0.18,0.07,-9.62,0.00,0.00,0.00,0.14,0.22,-9.61,1.00,-0.01,0.00,0.01,1.00,-0.02,-0.00,0.02,1.00,1

0.69,0.19,0.06,-9.60,0.00,0.00,0.00,0.15,0.21,-9.60,1.00,-0.01,0.00,0.01,1.00,-0.02,-0.00,0.02,1.00,1

0.72,0.17,0.05,-9.61,0.00,0.00,0.00,0.13,0.21,-9.61,1.00,-0.01,0.00,0.01,1.00,-0.02,-0.00,0.02,1.00,1

0.75,0.15,0.09,-9.63,0.00,0.00,0.00,0.11,0.26,-9.63,1.00,-0.01,0.00,0.01,1.00,-0.02,-0.00,0.02,1.00,1

0.79,0.20,0.06,-9.62,0.00,0.00,0.00,0.15,0.24,-9.62,1.00,-0.01,0.00,0.01,1.00,-0.02,-0.00,0.02,1.00,1

0.82,0.18,0.07,-9.63,0.00,0.00,0.00,0.14,0.25,-9.62,1.00,-0.01,0.00,0.01,1.00,-0.02,-0.00,0.02,1.00,1

0.85,0.16,0.05,-9.62,0.00,0.00,0.00,0.11,0.24,-9.62,1.00,-0.01,0.00,0.01,1.00,-0.02,-0.00,0.02,1.00,1

0.88,0.19,0.06,-9.61,0.00,0.00,0.00,0.14,0.26,-9.61,1.00,-0.01,0.00,0.01,1.00,-0.02,-0.00,0.02,1.00,1

0.92,0.19,0.07,-9.62,0.00,0.00,0.00,0.14,0.27,-9.62,1.00,-0.01,0.01,0.01,1.00,-0.02,-0.00,0.02,1.00,1

0.95,0.19,0.06,-9.63,0.00,0.00,0.00,0.13,0.27,-9.62,1.00,-0.01,0.01,0.01,1.00,-0.02,-0.01,0.02,1.00,1

0.98,0.17,0.05,-9.62,0.00,0.00,0.00,0.11,0.27,-9.62,1.00,-0.01,0.01,0.01,1.00,-0.02,-0.01,0.02,1.00,1

1.02,0.17,0.05,-9.62,0.00,0.00,0.00,0.11,0.28,-9.62,1.00,-0.01,0.01,0.01,1.00,-0.02,-0.01,0.02,1.00,1

1.05,0.18,0.04,-9.62,0.00,0.00,0.00,0.12,0.27,-9.62,1.00,-0.01,0.01,0.01,1.00,-0.02,-0.01,0.02,1.00,1

1.08,0.17,0.09,-9.61,0.00,0.00,0.00,0.11,0.32,-9.60,1.00,-0.01,0.01,0.01,1.00,-0.02,-0.01,0.02,1.00,1

1.12,0.17,0.04,-9.61,0.00,0.00,0.00,0.10,0.29,-9.61,1.00,-0.01,0.01,0.01,1.00,-0.03,-0.01,0.03,1.00,1

1.15,0.23,0.05,-9.63,0.00,0.00,0.00,0.16,0.30,-9.62,1.00,-0.01,0.01,0.01,1.00,-0.03,-0.01,0.03,1.00,1

1.18,0.17,0.06,-9.61,0.00,0.00,0.00,0.10,0.31,-9.61,1.00,-0.01,0.01,0.01,1.00,-0.03,-0.01,0.03,1.00,1

1.21,0.18,0.06,-9.61,0.00,0.00,0.00,0.11,0.32,-9.60,1.00,-0.01,0.01,0.01,1.00,-0.03,-0.01,0.03,1.00,1

1.25,0.18,0.06,-9.62,0.00,0.00,0.00,0.11,0.33,-9.61,1.00,-0.01,0.01,0.01,1.00,-0.03,-0.01,0.03,1.00,1

1.28,0.17,0.07,-9.61,0.00,0.00,0.00,0.10,0.35,-9.61,1.00,-0.01,0.01,0.01,1.00,-0.03,-0.01,0.03,1.00,1

1.31,0.18,0.05,-9.62,0.00,0.00,0.00,0.11,0.34,-9.61,1.00,-0.01,0.01,0.01,1.00,-0.03,-0.01,0.03,1.00,1

1.35,0.18,0.05,-9.62,0.00,0.00,0.00,0.10,0.35,-9.61,1.00,-0.01,0.01,0.01,1.00,-0.03,-0.01,0.03,1.00,1

1.38,0.18,0.08,-9.61,0.00,0.00,0.00,0.10,0.38,-9.61,1.00,-0.01,0.01,0.01,1.00,-0.03,-0.01,0.03,1.00,1

1.41,0.18,0.05,-9.62,0.00,0.00,0.00,0.10,0.36,-9.61,1.00,-0.01,0.01,0.01,1.00,-0.03,-0.01,0.03,1.00,1

1.45,0.18,0.07,-9.62,0.00,0.00,0.00,0.09,0.39,-9.62,1.00,-0.01,0.01,0.01,1.00,-0.03,-0.01,0.03,1.00,1

1.48,0.19,0.06,-9.61,0.00,0.00,0.00,0.10,0.39,-9.61,1.00,-0.01,0.01,0.01,1.00,-0.03,-0.01,0.03,1.00,1

1.51,0.17,0.07,-9.62,0.00,0.00,0.00,0.09,0.40,-9.61,1.00,-0.01,0.01,0.01,1.00,-0.03,-0.01,0.03,1.00,1

1.54,0.17,0.06,-9.62,0.00,0.00,0.00,0.08,0.40,-9.62,1.00,-0.01,0.01,0.01,1.00,-0.03,-0.01,0.03,1.00,1

1.58,0.18,0.07,-9.62,0.00,0.00,0.00,0.09,0.41,-9.61,1.00,-0.01,0.01,0.01,1.00,-0.04,-0.01,0.04,1.00,1

1.61,0.18,0.05,-9.62,0.00,0.00,0.00,0.09,0.41,-9.61,1.00,-0.01,0.01,0.02,1.00,-0.04,-0.01,0.04,1.00,1

1.64,0.18,0.08,-9.62,0.00,0.00,0.00,0.08,0.44,-9.61,1.00,-0.02,0.01,0.02,1.00,-0.04,-0.01,0.04,1.00,1

1.68,0.18,0.05,-9.62,0.00,0.00,0.00,0.08,0.42,-9.62,1.00,-0.02,0.01,0.02,1.00,-0.04,-0.01,0.04,1.00,1

1.71,0.16,0.07,-9.62,0.00,0.00,0.00,0.06,0.44,-9.61,1.00,-0.02,0.01,0.02,1.00,-0.04,-0.01,0.04,1.00,1

1.74,0.18,0.07,-9.62,0.00,0.00,0.00,0.08,0.45,-9.62,1.00,-0.02,0.01,0.02,1.00,-0.04,-0.01,0.04,1.00,1

1.78,0.17,0.06,-9.62,0.00,0.00,0.00,0.06,0.44,-9.61,1.00,-0.02,0.01,0.02,1.00,-0.04,-0.01,0.04,1.00,1

1.81,0.19,0.05,-9.61,0.00,0.00,0.00,0.08,0.44,-9.61,1.00,-0.02,0.01,0.02,1.00,-0.04,-0.01,0.04,1.00,1

1.84,0.19,0.07,-9.62,0.00,0.00,0.00,0.07,0.47,-9.61,1.00,-0.02,0.01,0.02,1.00,-0.04,-0.01,0.04,1.00,1

1.87,0.18,0.07,-9.62,0.00,0.00,0.00,0.07,0.47,-9.61,1.00,-0.02,0.01,0.02,1.00,-0.04,-0.01,0.04,1.00,1

1.91,0.19,0.06,-9.62,0.00,0.00,0.00,0.07,0.48,-9.61,1.00,-0.02,0.01,0.02,1.00,-0.04,-0.01,0.04,1.00,1

1.94,0.16,0.06,-9.65,0.00,0.00,0.00,0.05,0.48,-9.64,1.00,-0.02,0.01,0.02,1.00,-0.04,-0.01,0.04,1.00,1

1.97,0.19,0.06,-9.63,0.00,0.00,0.00,0.07,0.49,-9.61,1.00,-0.02,0.01,0.02,1.00,-0.04,-0.01,0.04,1.00,1

2.01,0.17,0.08,-9.61,0.00,0.00,0.00,0.05,0.52,-9.60,1.00,-0.02,0.01,0.02,1.00,-0.05,-0.01,0.05,1.00,1

2.04,0.20,0.06,-9.62,0.00,0.00,0.00,0.08,0.51,-9.61,1.00,-0.02,0.01,0.02,1.00,-0.05,-0.01,0.05,1.00,1

2.07,0.17,0.04,-9.61,0.00,0.00,0.00,0.05,0.50,-9.60,1.00,-0.02,0.01,0.02,1.00,-0.05,-0.01,0.05,1.00,1

2.11,0.17,0.05,-9.62,0.00,0.00,0.00,0.05,0.51,-9.61,1.00,-0.02,0.01,0.02,1.00,-0.05,-0.01,0.05,1.00,1

2.14,0.19,0.08,-9.61,0.00,0.00,0.00,0.06,0.55,-9.60,1.00,-0.02,0.01,0.02,1.00,-0.05,-0.01,0.05,1.00,1

2.17,0.19,0.04,-9.62,0.00,0.00,0.00,0.06,0.52,-9.61,1.00,-0.02,0.01,0.02,1.00,-0.05,-0.01,0.05,1.00,1

2.20,0.17,0.06,-9.61,0.00,0.00,0.00,0.04,0.54,-9.59,1.00,-0.02,0.01,0.02,1.00,-0.05,-0.01,0.05,1.00,1

2.24,0.20,0.05,-9.63,0.00,0.00,0.00,0.07,0.54,-9.62,1.00,-0.02,0.01,0.02,1.00,-0.05,-0.01,0.05,1.00,1

2.27,0.18,0.06,-9.62,0.00,0.00,0.00,0.05,0.55,-9.61,1.00,-0.02,0.01,0.02,1.00,-0.05,-0.01,0.05,1.00,1

2.30,0.19,0.04,-9.60,0.00,0.00,0.00,0.06,0.54,-9.59,1.00,-0.02,0.01,0.02,1.00,-0.05,-0.01,0.05,1.00,1

2.34,0.23,0.14,-9.62,0.00,0.00,0.00,0.10,0.65,-9.60,1.00,-0.02,0.01,0.02,1.00,-0.05,-0.01,0.05,1.00,1

2.37,0.15,-0.07,-9.65,0.00,0.00,0.00,0.02,0.45,-9.64,1.00,-0.02,0.01,0.02,1.00,-0.05,-0.01,0.05,1.00,1

2.40,0.10,0.05,-9.78,0.00,0.00,0.00,0.01,0.58,-9.76,1.00,-0.02,0.01,0.02,1.00,-0.05,-0.01,0.05,1.00,1

2.44,0.52,0.13,-9.15,0.00,0.00,0.00,0.43,0.65,-9.13,1.00,-0.02,0.01,0.02,1.00,-0.05,-0.01,0.06,1.00,1

2.47,0.16,0.06,-9.76,0.00,0.00,0.00,0.04,0.61,-9.74,1.00,-0.02,0.01,0.02,1.00,-0.06,-0.01,0.06,1.00,1

2.50,0.20,-0.05,-9.65,0.00,0.00,0.00,0.09,0.50,-9.64,1.00,-0.02,0.01,0.02,1.00,-0.06,-0.01,0.06,1.00,1

2.53,0.24,0.16,-9.62,0.00,0.00,0.00,0.13,0.72,-9.59,1.00,-0.02,0.01,0.02,1.00,-0.06,-0.01,0.06,1.00,1

2.57,0.24,0.02,-9.61,0.00,0.00,0.00,0.13,0.58,-9.59,1.00,-0.02,0.01,0.03,1.00,-0.06,-0.01,0.06,1.00,1

2.60,0.38,0.21,-9.30,0.00,0.00,0.00,0.23,0.77,-9.28,1.00,-0.02,0.02,0.02,1.00,-0.06,-0.01,0.06,1.00,1

2.63,0.16,0.09,-9.62,0.00,0.00,0.00,-0.00,0.67,-9.60,1.00,-0.02,0.02,0.03,1.00,-0.06,-0.01,0.06,1.00,1

2.67,0.22,0.05,-9.61,0.00,0.00,0.00,0.05,0.64,-9.60,1.00,-0.02,0.02,0.03,1.00,-0.06,-0.02,0.06,1.00,1

2.70,0.22,0.05,-9.63,0.00,0.00,0.00,0.05,0.65,-9.61,1.00,-0.02,0.02,0.02,1.00,-0.06,-0.02,0.06,1.00,1

2.73,0.17,0.06,-9.63,0.00,0.00,0.00,-0.00,0.66,-9.61,1.00,-0.02,0.02,0.03,1.00,-0.06,-0.02,0.06,1.00,1

2.77,0.20,0.04,-9.62,0.00,0.00,0.00,0.03,0.65,-9.60,1.00,-0.02,0.02,0.02,1.00,-0.06,-0.02,0.06,1.00,1

2.80,0.04,-0.18,-9.61,0.00,0.00,0.00,-0.13,0.44,-9.60,1.00,-0.01,0.02,0.01,1.00,-0.06,-0.02,0.06,1.00,1

2.83,0.44,0.14,-9.61,0.00,0.00,0.00,0.26,0.76,-9.59,1.00,0.00,0.02,-0.00,1.00,-0.06,-0.02,0.06,1.00,1

2.86,0.19,0.21,-9.64,0.00,0.00,0.00,0.01,0.84,-9.61,1.00,0.01,0.02,-0.01,1.00,-0.07,-0.02,0.07,1.00,1

2.90,0.09,0.18,-9.62,0.00,0.00,0.00,-0.09,0.81,-9.59,1.00,0.02,0.02,-0.02,1.00,-0.07,-0.02,0.07,1.00,1

2.93,0.09,-0.03,-9.63,0.00,0.00,0.00,-0.10,0.61,-9.61,1.00,0.03,0.02,-0.02,1.00,-0.07,-0.02,0.07,1.00,1

2.96,0.17,0.18,-9.63,0.00,0.00,0.00,-0.00,0.83,-9.60,1.00,0.03,0.02,-0.03,1.00,-0.07,-0.02,0.07,1.00,1

3.00,-0.05,0.37,-9.58,0.00,0.00,0.00,-0.21,1.03,-9.53,1.00,0.07,0.02,-0.07,1.00,-0.07,-0.02,0.07,1.00,1

3.03,-0.04,-0.37,-9.65,0.00,0.00,0.00,-0.27,0.30,-9.65,0.99,0.11,0.02,-0.11,0.99,-0.07,-0.03,0.07,1.00,1

3.06,0.25,-0.10,-9.65,0.00,0.00,0.00,0.05,0.53,-9.64,0.99,0.14,0.02,-0.14,0.99,-0.07,-0.03,0.07,1.00,1

3.10,0.08,-1.65,-9.63,0.00,0.00,0.00,-0.40,-0.96,-9.72,0.98,0.18,0.02,-0.18,0.98,-0.07,-0.03,0.07,1.00,1

3.13,0.68,-0.18,-9.58,0.00,0.00,0.00,0.44,0.35,-9.59,0.97,0.22,0.02,-0.22,0.97,-0.07,-0.04,0.06,1.00,1

3.16,-0.17,0.65,-9.72,0.00,0.00,0.00,-0.17,1.36,-9.64,0.96,0.28,0.02,-0.28,0.96,-0.07,-0.04,0.06,1.00,1

3.20,0.60,-0.51,-9.69,0.00,0.00,0.00,0.20,0.02,-9.72,0.94,0.33,0.02,-0.33,0.94,-0.07,-0.04,0.06,1.00,1

3.23,0.34,-0.13,-9.68,0.00,0.00,0.00,0.08,0.45,-9.68,0.93,0.36,0.02,-0.36,0.93,-0.07,-0.04,0.06,1.00,1

3.26,0.16,-0.10,-9.66,0.00,0.00,0.00,-0.09,0.55,-9.65,0.92,0.39,0.02,-0.39,0.92,-0.07,-0.05,0.06,1.00,1

3.29,0.24,0.17,-9.58,0.00,0.00,0.00,0.09,0.76,-9.55,0.91,0.41,0.02,-0.41,0.91,-0.07,-0.05,0.06,1.00,1

3.33,0.40,0.07,-9.60,0.00,0.00,0.00,0.20,0.60,-9.59,0.90,0.43,0.02,-0.42,0.90,-0.07,-0.05,0.06,1.00,1

3.36,0.21,0.19,-9.64,0.00,0.00,0.00,0.08,0.80,-9.61,0.90,0.44,0.02,-0.44,0.90,-0.07,-0.05,0.06,1.00,1

3.39,0.25,0.38,-9.61,0.00,0.00,0.00,0.20,0.96,-9.58,0.89,0.45,0.02,-0.45,0.89,-0.08,-0.05,0.06,1.00,1

3.43,-0.02,0.12,-9.61,0.00,0.00,0.00,-0.15,0.85,-9.57,0.88,0.47,0.02,-0.46,0.88,-0.08,-0.05,0.06,1.00,1

3.46,0.09,0.17,-9.60,0.00,0.00,0.00,-0.03,0.85,-9.56,0.88,0.48,0.02,-0.47,0.88,-0.08,-0.05,0.06,1.00,1

3.49,0.31,-0.04,-9.63,0.00,0.00,0.00,0.06,0.56,-9.62,0.87,0.49,0.02,-0.49,0.87,-0.08,-0.06,0.06,1.00,1

3.52,0.25,0.17,-9.62,0.00,0.00,0.00,0.12,0.77,-9.59,0.86,0.51,0.02,-0.51,0.86,-0.08,-0.06,0.06,1.00,1

3.56,0.43,-0.18,-9.61,0.00,0.00,0.00,0.09,0.38,-9.61,0.85,0.52,0.02,-0.52,0.85,-0.08,-0.06,0.06,1.00,1

3.59,-1.10,-0.40,-9.55,0.00,0.00,0.00,-1.32,1.02,-9.47,0.84,0.55,0.02,-0.54,0.84,-0.08,-0.06,0.06,1.00,1

3.62,0.18,0.37,-9.65,0.00,0.00,0.00,0.18,0.97,-9.61,0.82,0.57,0.02,-0.57,0.82,-0.08,-0.06,0.05,1.00,1

3.66,-0.08,-0.11,-9.60,0.00,0.00,0.00,-0.31,0.74,-9.57,0.81,0.59,0.02,-0.59,0.81,-0.08,-0.06,0.05,1.00,1

3.69,0.32,0.26,-9.63,0.00,0.00,0.00,0.24,0.80,-9.60,0.80,0.60,0.02,-0.60,0.80,-0.08,-0.06,0.05,1.00,1

3.72,0.13,-0.00,-9.62,0.00,0.00,0.00,-0.08,0.71,-9.59,0.79,0.61,0.02,-0.61,0.79,-0.08,-0.06,0.05,1.00,1

3.76,0.50,0.47,-9.65,0.00,0.00,0.00,0.51,0.85,-9.62,0.77,0.63,0.02,-0.63,0.77,-0.08,-0.07,0.05,1.00,1

3.79,0.61,0.52,-9.61,0.00,0.00,0.00,0.63,0.80,-9.59,0.76,0.65,0.02,-0.65,0.76,-0.08,-0.07,0.05,1.00,1

3.82,0.52,0.19,-9.57,0.00,0.00,0.00,0.34,0.60,-9.56,0.74,0.67,0.02,-0.67,0.74,-0.08,-0.07,0.05,1.00,1

3.85,-0.29,0.37,-9.63,0.00,0.00,0.00,-0.11,1.28,-9.56,0.71,0.70,0.02,-0.70,0.71,-0.09,-0.07,0.05,1.00,1

3.89,1.09,0.19,-9.68,0.00,0.00,0.00,0.71,0.16,-9.71,0.68,0.73,0.02,-0.73,0.68,-0.09,-0.07,0.05,1.00,1

3.92,0.02,-0.05,-9.62,0.00,0.00,0.00,-0.19,0.78,-9.59,0.67,0.74,0.02,-0.74,0.67,-0.09,-0.08,0.05,1.00,1

3.95,0.02,0.10,-9.63,0.00,0.00,0.00,-0.07,0.89,-9.59,0.67,0.75,0.02,-0.74,0.66,-0.09,-0.08,0.05,1.00,1

3.99,-0.04,0.02,-9.64,0.00,0.00,0.00,-0.17,0.88,-9.59,0.66,0.75,0.02,-0.75,0.66,-0.09,-0.08,0.05,1.00,1

4.02,-0.04,0.03,-9.62,0.00,0.00,0.00,-0.16,0.90,-9.58,0.65,0.76,0.02,-0.75,0.65,-0.09,-0.08,0.05,1.00,1

4.05,0.18,0.13,-9.62,0.00,0.00,0.00,0.07,0.79,-9.59,0.64,0.77,0.02,-0.77,0.63,-0.09,-0.08,0.04,1.00,1

4.08,-0.19,-0.11,-9.63,0.00,0.00,0.00,-0.35,0.93,-9.58,0.60,0.80,0.02,-0.79,0.60,-0.09,-0.08,0.04,1.00,1

4.12,0.07,0.31,-9.59,0.00,0.00,0.00,0.15,0.97,-9.54,0.57,0.82,0.01,-0.82,0.57,-0.09,-0.08,0.04,1.00,1

4.15,-1.02,-0.86,-9.57,0.00,0.00,0.00,-1.39,1.30,-9.47,0.50,0.86,0.01,-0.86,0.50,-0.09,-0.08,0.03,1.00,1

4.18,0.12,0.43,-9.63,0.00,0.00,0.00,0.29,0.95,-9.59,0.45,0.89,0.01,-0.89,0.45,-0.09,-0.09,0.03,1.00,1

4.22,-0.01,-0.60,-9.62,0.00,0.00,0.00,-0.69,0.62,-9.59,0.42,0.91,0.01,-0.91,0.42,-0.09,-0.09,0.02,1.00,1

4.25,1.13,-0.67,-9.64,0.00,0.00,0.00,-0.32,-0.42,-9.71,0.39,0.92,0.01,-0.92,0.39,-0.09,-0.09,0.02,1.00,1

4.28,-0.24,1.74,-9.64,0.00,0.00,0.00,1.41,1.73,-9.54,0.36,0.93,0.01,-0.93,0.36,-0.09,-0.09,0.02,1.00,1

4.32,-0.12,0.20,-9.61,0.00,0.00,0.00,0.02,1.06,-9.56,0.35,0.94,0.01,-0.93,0.35,-0.09,-0.09,0.02,1.00,1

4.35,0.13,0.32,-9.63,0.00,0.00,0.00,0.23,0.87,-9.60,0.33,0.94,0.01,-0.94,0.33,-0.09,-0.09,0.02,1.00,1

4.38,0.00,0.20,-9.63,0.00,0.00,0.00,0.08,0.94,-9.59,0.32,0.95,0.01,-0.94,0.32,-0.09,-0.09,0.02,1.00,1

4.41,0.06,0.14,-9.62,0.00,0.00,0.00,0.05,0.87,-9.59,0.31,0.95,0.01,-0.95,0.31,-0.09,-0.09,0.02,1.00,1

4.45,0.13,0.22,-9.62,0.00,0.00,0.00,0.14,0.83,-9.58,0.30,0.95,0.01,-0.95,0.30,-0.09,-0.09,0.02,1.00,1

4.48,0.20,0.02,-9.63,0.00,0.00,0.00,-0.02,0.70,-9.61,0.29,0.96,0.01,-0.95,0.29,-0.09,-0.09,0.02,1.00,1

4.51,0.03,0.06,-9.63,0.00,0.00,0.00,-0.02,0.88,-9.59,0.29,0.96,0.01,-0.95,0.29,-0.09,-0.09,0.02,1.00,1

4.55,0.04,0.14,-9.63,0.00,0.00,0.00,0.06,0.90,-9.59,0.29,0.96,0.01,-0.95,0.29,-0.09,-0.09,0.02,1.00,1

4.58,0.05,0.16,-9.63,0.00,0.00,0.00,0.09,0.90,-9.59,0.29,0.96,0.01,-0.95,0.29,-0.09,-0.09,0.02,1.00,1

4.61,0.06,0.13,-9.63,0.00,0.00,0.00,0.07,0.89,-9.59,0.29,0.96,0.01,-0.95,0.29,-0.09,-0.09,0.02,1.00,1

4.64,0.05,0.16,-9.63,0.00,0.00,0.00,0.10,0.91,-9.58,0.29,0.96,0.01,-0.95,0.29,-0.09,-0.09,0.02,1.00,1

4.68,0.10,0.29,-9.63,0.00,0.00,0.00,0.24,0.90,-9.59,0.29,0.96,0.01,-0.95,0.29,-0.10,-0.09,0.02,1.00,1

4.71,0.10,0.26,-9.65,0.00,0.00,0.00,0.22,0.90,-9.61,0.28,0.96,0.01,-0.95,0.28,-0.10,-0.09,0.02,1.00,1

4.74,0.05,0.14,-9.64,0.00,0.00,0.00,0.09,0.92,-9.59,0.28,0.96,0.01,-0.95,0.28,-0.10,-0.09,0.02,1.00,1

4.77,0.05,0.15,-9.63,0.00,0.00,0.00,0.11,0.92,-9.59,0.28,0.96,0.00,-0.95,0.28,-0.10,-0.09,0.02,1.00,1

4.81,0.04,0.11,-9.62,0.00,0.00,0.00,0.08,0.92,-9.58,0.28,0.96,0.00,-0.95,0.28,-0.10,-0.09,0.02,1.00,1

4.84,0.06,0.13,-9.63,0.00,0.00,0.00,0.11,0.92,-9.58,0.28,0.96,0.00,-0.95,0.28,-0.10,-0.09,0.02,1.00,1

4.87,0.06,0.16,-9.65,0.00,0.00,0.00,0.14,0.93,-9.60,0.28,0.96,0.00,-0.95,0.28,-0.10,-0.09,0.03,1.00,1

4.91,0.04,0.14,-9.65,0.00,0.00,0.00,0.12,0.94,-9.60,0.28,0.96,0.00,-0.95,0.28,-0.10,-0.09,0.03,1.00,1

4.94,0.05,0.14,-9.64,0.00,0.00,0.00,0.13,0.94,-9.60,0.28,0.96,0.00,-0.95,0.28,-0.10,-0.09,0.03,1.00,1

4.97,0.04,0.14,-9.62,0.00,0.00,0.00,0.14,0.95,-9.57,0.28,0.96,0.00,-0.95,0.28,-0.10,-0.09,0.03,1.00,1

5.00,0.06,0.13,-9.64,0.00,0.00,0.00,0.14,0.94,-9.59,0.28,0.96,0.00,-0.95,0.28,-0.10,-0.10,0.03,1.00,1

5.04,0.04,0.15,-9.63,0.00,0.00,0.00,0.16,0.97,-9.58,0.28,0.96,-0.00,-0.95,0.28,-0.10,-0.10,0.03,1.00,1

5.07,0.05,0.18,-9.62,0.00,0.00,0.00,0.20,0.96,-9.57,0.28,0.96,-0.00,-0.95,0.28,-0.10,-0.10,0.03,0.99,1

5.10,0.04,0.14,-9.63,0.00,0.00,0.00,0.16,0.97,-9.58,0.29,0.96,-0.00,-0.95,0.28,-0.10,-0.10,0.03,0.99,1

5.14,0.04,0.14,-9.63,0.00,0.00,0.00,0.16,0.97,-9.58,0.29,0.96,-0.00,-0.95,0.28,-0.10,-0.10,0.03,0.99,1

5.17,0.04,0.15,-9.65,0.00,0.00,0.00,0.18,0.98,-9.60,0.29,0.96,-0.00,-0.95,0.28,-0.10,-0.10,0.03,0.99,1

5.20,0.04,0.13,-9.63,0.00,0.00,0.00,0.17,0.98,-9.58,0.29,0.96,-0.00,-0.95,0.28,-0.10,-0.10,0.03,0.99,1

5.24,0.05,0.16,-9.63,0.00,0.00,0.00,0.21,0.98,-9.58,0.29,0.96,-0.00,-0.95,0.28,-0.10,-0.10,0.03,0.99,1

5.27,0.06,0.12,-9.64,0.00,0.00,0.00,0.17,0.97,-9.59,0.29,0.96,-0.00,-0.95,0.28,-0.10,-0.10,0.03,0.99,1

5.30,0.06,0.14,-9.63,0.00,0.00,0.00,0.20,0.97,-9.58,0.29,0.96,-0.01,-0.95,0.28,-0.10,-0.10,0.03,0.99,1

5.33,0.04,0.14,-9.63,0.00,0.00,0.00,0.20,0.99,-9.58,0.29,0.96,-0.01,-0.95,0.28,-0.10,-0.10,0.04,0.99,1

5.37,0.04,0.14,-9.64,0.00,0.00,0.00,0.21,1.00,-9.59,0.29,0.96,-0.01,-0.95,0.28,-0.10,-0.10,0.04,0.99,1

5.40,0.06,0.14,-9.63,0.00,0.00,0.00,0.21,0.98,-9.58,0.29,0.96,-0.01,-0.95,0.28,-0.10,-0.10,0.04,0.99,1

5.43,0.03,0.13,-9.64,0.00,0.00,0.00,0.20,1.01,-9.59,0.29,0.96,-0.01,-0.95,0.29,-0.10,-0.10,0.04,0.99,1

5.47,0.05,0.14,-9.64,0.00,0.00,0.00,0.23,1.00,-9.58,0.29,0.96,-0.01,-0.95,0.29,-0.10,-0.10,0.04,0.99,1

5.50,0.05,0.16,-9.64,0.00,0.00,0.00,0.26,1.02,-9.59,0.29,0.96,-0.01,-0.95,0.29,-0.10,-0.10,0.04,0.99,1

5.53,0.06,0.13,-9.64,0.00,0.00,0.00,0.23,1.00,-9.58,0.29,0.96,-0.01,-0.95,0.29,-0.11,-0.10,0.04,0.99,1

5.57,0.02,0.13,-9.63,0.00,0.00,0.00,0.23,1.03,-9.57,0.29,0.96,-0.01,-0.95,0.29,-0.11,-0.10,0.04,0.99,1

5.60,0.06,0.18,-9.64,0.00,0.00,0.00,0.29,1.02,-9.58,0.29,0.96,-0.01,-0.95,0.29,-0.11,-0.10,0.04,0.99,1

5.63,0.03,0.14,-9.63,0.00,0.00,0.00,0.25,1.04,-9.58,0.29,0.96,-0.01,-0.95,0.29,-0.11,-0.10,0.04,0.99,1

5.66,0.04,0.12,-9.64,0.00,0.00,0.00,0.24,1.02,-9.58,0.29,0.96,-0.01,-0.95,0.29,-0.11,-0.10,0.04,0.99,1

5.70,0.05,0.14,-9.63,0.00,0.00,0.00,0.27,1.03,-9.58,0.29,0.96,-0.01,-0.95,0.29,-0.11,-0.10,0.04,0.99,1

5.73,0.04,0.13,-9.64,0.00,0.00,0.00,0.26,1.04,-9.58,0.29,0.96,-0.01,-0.95,0.29,-0.11,-0.10,0.04,0.99,1

5.76,0.06,0.14,-9.64,0.00,0.00,0.00,0.28,1.03,-9.58,0.29,0.96,-0.01,-0.95,0.29,-0.11,-0.10,0.04,0.99,1

5.80,0.03,0.14,-9.64,0.00,0.00,0.00,0.28,1.05,-9.58,0.29,0.96,-0.01,-0.95,0.29,-0.11,-0.10,0.05,0.99,1

5.83,0.05,0.14,-9.64,0.00,0.00,0.00,0.29,1.05,-9.58,0.29,0.96,-0.01,-0.95,0.29,-0.11,-0.10,0.05,0.99,1

5.86,0.06,0.16,-9.65,0.00,0.00,0.00,0.32,1.04,-9.59,0.29,0.96,-0.02,-0.95,0.29,-0.11,-0.10,0.05,0.99,1

5.90,0.04,0.15,-9.64,0.00,0.00,0.00,0.31,1.06,-9.58,0.29,0.96,-0.02,-0.95,0.29,-0.11,-0.10,0.05,0.99,1

5.93,0.04,0.11,-9.65,0.00,0.00,0.00,0.27,1.05,-9.59,0.29,0.96,-0.02,-0.95,0.29,-0.11,-0.10,0.05,0.99,1

5.96,0.06,0.13,-9.66,0.00,0.00,0.00,0.31,1.05,-9.59,0.29,0.96,-0.02,-0.95,0.29,-0.11,-0.10,0.05,0.99,1

5.99,0.06,0.13,-9.63,0.00,0.00,0.00,0.32,1.05,-9.57,0.29,0.96,-0.02,-0.95,0.29,-0.11,-0.10,0.05,0.99,1

6.03,0.05,0.13,-9.63,0.00,0.00,0.00,0.31,1.06,-9.57,0.29,0.96,-0.02,-0.95,0.29,-0.11,-0.10,0.05,0.99,1

6.06,0.07,0.14,-9.64,0.00,0.00,0.00,0.34,1.05,-9.58,0.29,0.96,-0.02,-0.95,0.29,-0.11,-0.10,0.05,0.99,1

6.09,0.07,0.13,-9.63,0.00,0.00,0.00,0.33,1.05,-9.57,0.29,0.96,-0.02,-0.95,0.29,-0.11,-0.10,0.05,0.99,1

6.13,0.06,0.12,-9.63,0.00,0.00,0.00,0.32,1.06,-9.56,0.29,0.96,-0.02,-0.95,0.29,-0.11,-0.10,0.05,0.99,1

6.16,0.09,0.12,-9.62,0.00,0.00,0.00,0.34,1.03,-9.56,0.29,0.96,-0.02,-0.95,0.29,-0.11,-0.10,0.05,0.99,1

6.19,0.14,0.00,-9.63,0.00,0.00,0.00,0.26,0.96,-9.58,0.30,0.95,-0.02,-0.95,0.29,-0.11,-0.10,0.05,0.99,1

6.23,0.23,0.00,-9.64,0.00,0.00,0.00,0.29,0.88,-9.60,0.30,0.95,-0.02,-0.95,0.30,-0.11,-0.10,0.06,0.99,1

6.26,-0.15,-0.02,-9.61,0.00,0.00,0.00,0.16,1.24,-9.53,0.31,0.95,-0.02,-0.95,0.31,-0.11,-0.10,0.06,0.99,1

6.29,0.15,0.20,-9.65,0.00,0.00,0.00,0.46,1.03,-9.59,0.31,0.95,-0.02,-0.94,0.31,-0.11,-0.10,0.06,0.99,1

6.32,0.36,-0.27,-9.62,0.00,0.00,0.00,0.09,0.69,-9.60,0.33,0.95,-0.02,-0.94,0.32,-0.12,-0.10,0.06,0.99,1

6.36,0.25,-0.16,-9.62,0.00,0.00,0.00,0.18,0.83,-9.59,0.34,0.94,-0.03,-0.94,0.33,-0.12,-0.10,0.06,0.99,1

6.39,-0.01,0.40,-9.62,0.00,0.00,0.00,0.62,1.26,-9.52,0.34,0.94,-0.03,-0.94,0.33,-0.12,-0.10,0.06,0.99,1

6.42,0.06,0.12,-9.63,0.00,0.00,0.00,0.39,1.11,-9.55,0.34,0.94,-0.03,-0.94,0.33,-0.12,-0.10,0.06,0.99,1

6.46,0.04,0.12,-9.63,0.00,0.00,0.00,0.39,1.13,-9.55,0.34,0.94,-0.03,-0.94,0.33,-0.12,-0.10,0.07,0.99,1

6.49,0.08,0.13,-9.62,0.00,0.00,0.00,0.42,1.11,-9.55,0.34,0.94,-0.03,-0.94,0.33,-0.12,-0.10,0.07,0.99,1

6.52,0.04,0.11,-9.62,0.00,0.00,0.00,0.40,1.14,-9.55,0.34,0.94,-0.03,-0.94,0.33,-0.12,-0.10,0.07,0.99,1

6.56,0.05,0.15,-9.63,0.00,0.00,0.00,0.44,1.15,-9.55,0.34,0.94,-0.03,-0.94,0.33,-0.12,-0.10,0.07,0.99,1

6.59,0.04,0.13,-9.63,0.00,0.00,0.00,0.42,1.15,-9.56,0.34,0.94,-0.03,-0.94,0.33,-0.12,-0.10,0.07,0.99,1

6.62,0.06,0.15,-9.63,0.00,0.00,0.00,0.45,1.15,-9.55,0.34,0.94,-0.03,-0.94,0.33,-0.12,-0.10,0.07,0.99,1

6.65,0.03,0.12,-9.63,0.00,0.00,0.00,0.42,1.17,-9.55,0.34,0.94,-0.03,-0.94,0.33,-0.12,-0.10,0.07,0.99,1

6.69,0.00,0.21,-9.66,0.00,0.00,0.00,0.50,1.23,-9.57,0.34,0.94,-0.03,-0.94,0.33,-0.12,-0.10,0.07,0.99,1

6.72,0.04,0.19,-9.63,0.00,0.00,0.00,0.50,1.19,-9.54,0.33,0.94,-0.03,-0.94,0.33,-0.12,-0.10,0.07,0.99,1

6.75,0.01,0.04,-9.64,0.00,0.00,0.00,0.36,1.18,-9.56,0.33,0.94,-0.03,-0.94,0.32,-0.12,-0.10,0.07,0.99,1

6.79,0.03,0.15,-9.63,0.00,0.00,0.00,0.47,1.19,-9.55,0.33,0.94,-0.03,-0.94,0.32,-0.12,-0.10,0.07,0.99,1

6.82,0.04,0.15,-9.63,0.00,0.00,0.00,0.48,1.19,-9.55,0.33,0.94,-0.03,-0.94,0.32,-0.12,-0.10,0.07,0.99,1

6.85,0.08,0.14,-9.64,0.00,0.00,0.00,0.48,1.15,-9.56,0.33,0.94,-0.03,-0.94,0.32,-0.12,-0.10,0.07,0.99,1

6.89,0.04,0.15,-9.62,0.00,0.00,0.00,0.49,1.19,-9.54,0.33,0.94,-0.03,-0.94,0.33,-0.12,-0.10,0.07,0.99,1

6.92,-0.00,0.15,-9.64,0.00,0.00,0.00,0.48,1.24,-9.55,0.33,0.94,-0.04,-0.94,0.33,-0.12,-0.10,0.07,0.99,1

6.95,0.06,0.12,-9.64,0.00,0.00,0.00,0.48,1.18,-9.56,0.33,0.94,-0.04,-0.94,0.33,-0.12,-0.10,0.07,0.99,1

6.98,0.03,0.14,-9.63,0.00,0.00,0.00,0.50,1.21,-9.54,0.33,0.94,-0.04,-0.94,0.33,-0.12,-0.10,0.08,0.99,1

7.02,0.06,0.10,-9.63,0.00,0.00,0.00,0.48,1.18,-9.55,0.33,0.94,-0.04,-0.94,0.33,-0.12,-0.11,0.08,0.99,1

7.05,0.13,0.04,-9.64,0.00,0.00,0.00,0.45,1.09,-9.56,0.33,0.94,-0.04,-0.94,0.32,-0.12,-0.11,0.08,0.99,1

7.08,0.01,0.13,-9.65,0.00,0.00,0.00,0.49,1.24,-9.55,0.33,0.94,-0.04,-0.94,0.33,-0.13,-0.11,0.08,0.99,1

7.12,0.05,0.05,-9.69,0.00,0.00,0.00,0.44,1.19,-9.60,0.33,0.94,-0.04,-0.94,0.33,-0.13,-0.11,0.08,0.99,1

7.15,0.00,0.16,-9.63,0.00,0.00,0.00,0.53,1.27,-9.53,0.33,0.94,-0.04,-0.94,0.33,-0.13,-0.11,0.08,0.99,1

7.18,0.06,0.15,-9.63,0.00,0.00,0.00,0.55,1.21,-9.54,0.33,0.94,-0.04,-0.94,0.33,-0.13,-0.11,0.08,0.99,1

7.22,0.02,0.17,-9.63,0.00,0.00,0.00,0.56,1.26,-9.54,0.33,0.94,-0.04,-0.94,0.33,-0.13,-0.11,0.08,0.99,1

7.25,0.02,0.14,-9.64,0.00,0.00,0.00,0.53,1.25,-9.54,0.33,0.94,-0.04,-0.94,0.33,-0.13,-0.11,0.08,0.99,1

7.28,0.03,0.15,-9.64,0.00,0.00,0.00,0.55,1.26,-9.54,0.33,0.94,-0.04,-0.94,0.33,-0.13,-0.11,0.08,0.99,1

7.32,0.02,0.14,-9.63,0.00,0.00,0.00,0.54,1.27,-9.53,0.34,0.94,-0.04,-0.94,0.33,-0.13,-0.11,0.08,0.99,1

7.35,0.13,-1.05,-9.61,0.00,0.00,0.00,-0.54,0.79,-9.62,0.33,0.94,-0.04,-0.94,0.32,-0.13,-0.11,0.08,0.99,1

7.38,0.04,0.28,-9.66,0.00,0.00,0.00,0.69,1.31,-9.55,0.33,0.94,-0.04,-0.94,0.32,-0.13,-0.11,0.08,0.99,1

7.41,0.01,0.19,-9.64,0.00,0.00,0.00,0.59,1.30,-9.53,0.33,0.94,-0.04,-0.94,0.32,-0.13,-0.11,0.08,0.99,1

7.45,-0.02,0.21,-9.64,0.00,0.00,0.00,0.61,1.35,-9.53,0.33,0.94,-0.04,-0.94,0.32,-0.13,-0.11,0.08,0.99,1

7.48,-0.08,0.56,-9.63,0.00,0.00,0.00,0.92,1.53,-9.48,0.34,0.94,-0.04,-0.94,0.33,-0.13,-0.11,0.09,0.99,1

7.51,-0.01,0.08,-9.65,0.00,0.00,0.00,0.51,1.31,-9.55,0.34,0.94,-0.05,-0.94,0.33,-0.13,-0.11,0.09,0.99,1

7.55,-0.02,0.21,-9.64,0.00,0.00,0.00,0.62,1.36,-9.52,0.34,0.94,-0.05,-0.93,0.33,-0.13,-0.11,0.09,0.99,1

7.58,0.01,0.20,-9.65,0.00,0.00,0.00,0.63,1.34,-9.54,0.34,0.94,-0.05,-0.93,0.33,-0.13,-0.11,0.09,0.99,1

7.61,-0.01,0.14,-9.63,0.00,0.00,0.00,0.57,1.34,-9.52,0.34,0.94,-0.05,-0.93,0.33,-0.13,-0.11,0.09,0.99,1

7.64,0.01,0.21,-9.63,0.00,0.00,0.00,0.65,1.35,-9.51,0.34,0.94,-0.05,-0.93,0.33,-0.13,-0.11,0.09,0.99,1

7.68,-0.01,0.20,-9.63,0.00,0.00,0.00,0.64,1.36,-9.51,0.34,0.94,-0.05,-0.93,0.33,-0.13,-0.11,0.09,0.99,1

7.71,-0.05,0.18,-9.63,0.00,0.00,0.00,0.62,1.40,-9.51,0.34,0.94,-0.05,-0.93,0.33,-0.13,-0.11,0.09,0.99,1

7.74,0.02,0.20,-9.66,0.00,0.00,0.00,0.66,1.35,-9.54,0.34,0.94,-0.05,-0.93,0.33,-0.13,-0.11,0.09,0.99,1

7.78,-0.01,0.18,-9.64,0.00,0.00,0.00,0.63,1.37,-9.52,0.34,0.94,-0.05,-0.93,0.33,-0.14,-0.11,0.09,0.99,1

7.81,0.00,0.21,-9.65,0.00,0.00,0.00,0.67,1.38,-9.53,0.34,0.94,-0.05,-0.93,0.33,-0.14,-0.11,0.09,0.99,1

7.84,-0.07,0.26,-9.64,0.00,0.00,0.00,0.70,1.47,-9.51,0.34,0.94,-0.05,-0.93,0.34,-0.14,-0.11,0.09,0.99,1

7.88,0.06,0.06,-9.64,0.00,0.00,0.00,0.56,1.28,-9.53,0.35,0.94,-0.05,-0.93,0.34,-0.14,-0.11,0.09,0.99,1

7.91,0.00,0.19,-9.63,0.00,0.00,0.00,0.67,1.38,-9.51,0.35,0.94,-0.05,-0.93,0.34,-0.14,-0.11,0.09,0.99,1

7.94,-0.01,0.18,-9.64,0.00,0.00,0.00,0.66,1.39,-9.52,0.35,0.94,-0.05,-0.93,0.34,-0.14,-0.11,0.10,0.99,1

7.98,0.00,0.17,-9.64,0.00,0.00,0.00,0.66,1.39,-9.52,0.35,0.94,-0.05,-0.93,0.34,-0.14,-0.11,0.10,0.99,1

8.01,-0.01,0.18,-9.64,0.00,0.00,0.00,0.67,1.40,-9.52,0.35,0.94,-0.05,-0.93,0.34,-0.14,-0.11,0.10,0.99,1

8.04,0.01,0.19,-9.64,0.00,0.00,0.00,0.69,1.39,-9.52,0.35,0.94,-0.05,-0.93,0.34,-0.14,-0.11,0.10,0.99,1

8.07,-0.01,0.18,-9.63,0.00,0.00,0.00,0.67,1.41,-9.51,0.35,0.94,-0.05,-0.93,0.34,-0.14,-0.11,0.10,0.99,1

8.11,-0.00,0.20,-9.63,0.00,0.00,0.00,0.70,1.41,-9.51,0.35,0.94,-0.05,-0.93,0.34,-0.14,-0.11,0.10,0.99,1

8.14,-0.01,0.18,-9.65,0.00,0.00,0.00,0.68,1.41,-9.52,0.35,0.94,-0.05,-0.93,0.34,-0.14,-0.11,0.10,0.99,1

8.17,0.01,0.21,-9.65,0.00,0.00,0.00,0.71,1.41,-9.53,0.35,0.94,-0.05,-0.93,0.34,-0.14,-0.11,0.10,0.99,1

8.21,-0.00,0.17,-9.64,0.00,0.00,0.00,0.68,1.41,-9.51,0.35,0.94,-0.05,-0.93,0.34,-0.14,-0.11,0.10,0.99,1

8.24,0.00,0.19,-9.64,0.00,0.00,0.00,0.70,1.41,-9.51,0.35,0.94,-0.05,-0.93,0.34,-0.14,-0.11,0.10,0.99,1

8.27,-0.00,0.20,-9.64,0.00,0.00,0.00,0.72,1.42,-9.51,0.35,0.94,-0.05,-0.93,0.34,-0.14,-0.11,0.10,0.99,1

8.31,-0.03,0.17,-9.64,0.00,0.00,0.00,0.68,1.44,-9.51,0.35,0.94,-0.06,-0.93,0.34,-0.14,-0.11,0.10,0.99,1

8.34,0.05,0.17,-9.65,0.00,0.00,0.00,0.71,1.37,-9.52,0.34,0.94,-0.06,-0.93,0.33,-0.14,-0.11,0.10,0.99,1

8.37,-0.00,0.18,-9.64,0.00,0.00,0.00,0.70,1.42,-9.51,0.34,0.94,-0.06,-0.93,0.33,-0.14,-0.11,0.10,0.99,1

8.40,-0.31,0.16,-9.66,0.00,0.00,0.00,0.60,1.72,-9.49,0.34,0.94,-0.06,-0.94,0.32,-0.14,-0.12,0.10,0.99,1

8.44,0.04,0.12,-9.63,0.00,0.00,0.00,0.68,1.38,-9.50,0.33,0.94,-0.06,-0.94,0.32,-0.14,-0.12,0.10,0.99,1

8.47,-0.05,0.06,-9.67,0.00,0.00,0.00,0.62,1.50,-9.54,0.31,0.95,-0.06,-0.94,0.30,-0.15,-0.12,0.10,0.99,1

8.50,0.12,0.15,-9.65,0.00,0.00,0.00,0.76,1.41,-9.52,0.28,0.96,-0.06,-0.95,0.27,-0.15,-0.13,0.10,0.99,1

8.54,0.04,0.30,-9.65,0.00,0.00,0.00,0.88,1.53,-9.49,0.28,0.96,-0.06,-0.95,0.27,-0.15,-0.13,0.10,0.99,1

8.57,0.04,-0.08,-9.57,0.00,0.00,0.00,0.51,1.42,-9.45,0.27,0.96,-0.06,-0.95,0.26,-0.15,-0.13,0.10,0.99,1

8.60,0.19,-5.03,-9.89,0.00,0.00,0.00,-4.25,0.31,-10.25,0.22,0.97,-0.06,-0.97,0.20,-0.15,-0.14,0.09,0.99,1

8.64,0.55,-0.17,-9.19,0.00,0.00,0.00,0.45,0.84,-9.16,0.11,0.99,-0.06,-0.98,0.10,-0.15,-0.15,0.08,0.99,1

8.67,1.32,2.65,-9.37,0.00,0.00,0.00,3.29,0.25,-9.26,0.07,1.00,-0.06,-0.99,0.06,-0.15,-0.15,0.07,0.99,1

8.70,-0.91,-0.03,-9.58,0.00,0.00,0.00,0.52,2.34,-9.32,0.03,1.00,-0.06,-0.99,0.02,-0.15,-0.15,0.06,0.99,1

8.73,-0.65,0.07,-9.80,0.00,0.00,0.00,0.66,2.12,-9.57,-0.01,1.00,-0.06,-0.99,-0.02,-0.15,-0.15,0.06,0.99,1

8.77,0.17,-0.90,-9.66,0.00,0.00,0.00,-0.32,1.34,-9.61,-0.05,1.00,-0.06,-0.99,-0.06,-0.15,-0.15,0.05,0.99,1

8.80,0.38,0.09,-9.52,0.00,0.00,0.00,0.62,1.05,-9.45,-0.12,0.99,-0.06,-0.98,-0.13,-0.15,-0.16,0.04,0.99,1

8.83,-0.65,0.22,-9.61,0.00,0.00,0.00,0.95,2.02,-9.37,-0.22,0.97,-0.06,-0.96,-0.23,-0.15,-0.16,0.03,0.99,1

8.87,0.20,0.33,-9.66,0.00,0.00,0.00,0.85,1.15,-9.56,-0.32,0.94,-0.06,-0.93,-0.33,-0.15,-0.16,0.01,0.99,1

8.90,-0.04,0.20,-9.57,0.00,0.00,0.00,0.80,1.39,-9.44,-0.40,0.92,-0.06,-0.90,-0.40,-0.15,-0.16,-0.00,0.99,1

8.93,0.24,0.14,-9.54,0.00,0.00,0.00,0.62,1.16,-9.46,-0.46,0.89,-0.06,-0.87,-0.46,-0.15,-0.16,-0.01,0.99,1

8.97,-0.74,1.66,-9.68,0.00,0.00,0.00,2.42,1.22,-9.46,-0.51,0.86,-0.06,-0.85,-0.51,-0.15,-0.16,-0.02,0.99,1

9.00,-0.29,0.56,-9.62,0.00,0.00,0.00,1.26,1.37,-9.46,-0.55,0.83,-0.07,-0.82,-0.55,-0.15,-0.16,-0.03,0.99,1

9.03,0.63,0.05,-9.64,0.00,0.00,0.00,0.32,0.91,-9.61,-0.57,0.82,-0.07,-0.81,-0.57,-0.15,-0.16,-0.03,0.99,1

9.06,0.53,-0.25,-9.59,0.00,0.00,0.00,0.13,1.16,-9.54,-0.59,0.81,-0.07,-0.79,-0.59,-0.15,-0.16,-0.03,0.99,1

9.10,0.16,-0.04,-9.62,0.00,0.00,0.00,0.52,1.34,-9.52,-0.60,0.79,-0.07,-0.78,-0.61,-0.15,-0.16,-0.04,0.99,1

9.13,-0.20,-0.00,-9.61,0.00,0.00,0.00,0.78,1.60,-9.44,-0.63,0.78,-0.07,-0.76,-0.63,-0.15,-0.16,-0.04,0.99,1

9.16,0.37,-0.09,-9.59,0.00,0.00,0.00,0.35,1.21,-9.51,-0.65,0.76,-0.07,-0.75,-0.65,-0.15,-0.16,-0.05,0.99,1

9.20,-0.14,-0.25,-9.66,0.00,0.00,0.00,0.58,1.71,-9.49,-0.67,0.74,-0.07,-0.73,-0.67,-0.15,-0.16,-0.05,0.99,1

9.23,0.04,0.44,-9.62,0.00,0.00,0.00,0.96,1.10,-9.52,-0.68,0.73,-0.07,-0.71,-0.69,-0.15,-0.16,-0.05,0.99,1

9.26,0.16,0.13,-9.60,0.00,0.00,0.00,0.67,1.22,-9.50,-0.69,0.72,-0.07,-0.71,-0.69,-0.15,-0.16,-0.05,0.99,1

9.30,-0.21,-0.02,-9.59,0.00,0.00,0.00,0.82,1.58,-9.42,-0.71,0.70,-0.07,-0.69,-0.71,-0.15,-0.16,-0.06,0.99,1

9.33,0.54,0.33,-9.64,0.00,0.00,0.00,0.54,0.83,-9.61,-0.72,0.69,-0.07,-0.68,-0.72,-0.15,-0.15,-0.06,0.99,1

9.36,0.19,0.19,-9.61,0.00,0.00,0.00,0.70,1.15,-9.52,-0.72,0.69,-0.07,-0.67,-0.72,-0.15,-0.15,-0.06,0.99,1

9.39,-0.32,-0.19,-9.60,0.00,0.00,0.00,0.82,1.77,-9.40,-0.74,0.67,-0.07,-0.66,-0.74,-0.15,-0.15,-0.06,0.99,1

9.43,-0.04,0.07,-9.57,0.00,0.00,0.00,0.79,1.38,-9.44,-0.76,0.65,-0.07,-0.64,-0.76,-0.15,-0.15,-0.06,0.99,1

9.46,0.44,0.35,-9.60,0.00,0.00,0.00,0.60,0.86,-9.56,-0.77,0.64,-0.07,-0.62,-0.77,-0.15,-0.15,-0.07,0.99,1

9.49,-0.26,0.25,-9.59,0.00,0.00,0.00,1.08,1.35,-9.44,-0.79,0.61,-0.08,-0.60,-0.79,-0.15,-0.15,-0.07,0.99,1

9.53,0.47,-0.01,-9.68,0.00,0.00,0.00,0.35,1.15,-9.62,-0.80,0.60,-0.08,-0.58,-0.80,-0.15,-0.15,-0.07,0.99,1

9.56,0.67,0.26,-9.61,0.00,0.00,0.00,0.35,0.80,-9.60,-0.80,0.59,-0.08,-0.58,-0.80,-0.15,-0.15,-0.07,0.99,1

9.59,0.42,0.32,-9.62,0.00,0.00,0.00,0.59,0.90,-9.57,-0.81,0.58,-0.08,-0.57,-0.81,-0.14,-0.15,-0.07,0.99,1

9.63,0.07,0.13,-9.61,0.00,0.00,0.00,0.77,1.24,-9.51,-0.81,0.58,-0.08,-0.56,-0.81,-0.14,-0.15,-0.07,0.99,1

9.66,-0.17,0.20,-9.62,0.00,0.00,0.00,1.01,1.31,-9.48,-0.82,0.57,-0.08,-0.55,-0.82,-0.14,-0.15,-0.07,0.99,1

9.69,0.54,0.22,-9.61,0.00,0.00,0.00,0.44,0.91,-9.57,-0.83,0.55,-0.08,-0.54,-0.83,-0.14,-0.15,-0.08,0.99,1

9.72,0.34,0.13,-9.61,0.00,0.00,0.00,0.56,1.08,-9.54,-0.83,0.55,-0.08,-0.53,-0.83,-0.14,-0.14,-0.08,0.99,1

9.76,0.09,0.17,-9.62,0.00,0.00,0.00,0.79,1.17,-9.51,-0.83,0.55,-0.08,-0.53,-0.83,-0.14,-0.14,-0.08,0.99,1

9.79,0.14,0.28,-9.61,0.00,0.00,0.00,0.82,1.06,-9.53,-0.83,0.55,-0.08,-0.53,-0.83,-0.14,-0.15,-0.08,0.99,1

9.82,0.12,0.20,-9.62,0.00,0.00,0.00,0.79,1.13,-9.53,-0.83,0.55,-0.08,-0.53,-0.84,-0.14,-0.15,-0.07,0.99,1

9.86,0.16,0.25,-9.62,0.00,0.00,0.00,0.79,1.06,-9.53,-0.83,0.55,-0.08,-0.53,-0.83,-0.14,-0.15,-0.07,0.99,1

9.89,0.14,0.22,-9.62,0.00,0.00,0.00,0.81,1.09,-9.52,-0.83,0.55,-0.08,-0.53,-0.83,-0.14,-0.15,-0.07,0.99,1

9.92,0.12,0.31,-9.62,0.00,0.00,0.00,0.87,1.03,-9.53,-0.83,0.55,-0.08,-0.54,-0.83,-0.14,-0.15,-0.07,0.99,1

9.95,0.11,0.50,-9.62,0.00,0.00,0.00,1.00,0.86,-9.55,-0.83,0.55,-0.08,-0.54,-0.83,-0.14,-0.15,-0.07,0.99,1

9.99,0.17,0.13,-9.61,0.00,0.00,0.00,0.75,1.13,-9.51,-0.83,0.55,-0.08,-0.54,-0.83,-0.14,-0.15,-0.07,0.99,1

10.02,0.07,0.08,-9.62,0.00,0.00,0.00,0.81,1.22,-9.51,-0.83,0.56,-0.09,-0.54,-0.83,-0.14,-0.15,-0.07,0.99,1

10.05,0.14,0.25,-9.60,0.00,0.00,0.00,0.85,1.04,-9.51,-0.83,0.56,-0.09,-0.54,-0.83,-0.14,-0.15,-0.07,0.99,1

10.09,0.13,0.21,-9.62,0.00,0.00,0.00,0.85,1.08,-9.52,-0.83,0.56,-0.09,-0.54,-0.83,-0.14,-0.15,-0.07,0.99,1

10.12,0.12,0.30,-9.62,0.00,0.00,0.00,0.91,1.00,-9.53,-0.83,0.56,-0.09,-0.54,-0.83,-0.14,-0.15,-0.07,0.99,1

10.15,0.15,0.37,-9.62,0.00,0.00,0.00,0.93,0.92,-9.54,-0.83,0.55,-0.09,-0.54,-0.83,-0.14,-0.15,-0.07,0.99,1

10.19,0.08,0.07,-9.61,0.00,0.00,0.00,0.82,1.20,-9.50,-0.83,0.55,-0.09,-0.53,-0.83,-0.14,-0.15,-0.07,0.99,1

10.22,0.10,0.22,-9.62,0.00,0.00,0.00,0.89,1.06,-9.52,-0.83,0.55,-0.09,-0.53,-0.83,-0.13,-0.15,-0.06,0.99,1

10.25,0.11,0.26,-9.62,0.00,0.00,0.00,0.91,1.02,-9.53,-0.83,0.55,-0.09,-0.53,-0.83,-0.13,-0.15,-0.06,0.99,1

10.28,0.13,0.22,-9.62,0.00,0.00,0.00,0.88,1.03,-9.52,-0.83,0.55,-0.09,-0.53,-0.83,-0.13,-0.15,-0.06,0.99,1

10.32,0.13,0.19,-9.62,0.00,0.00,0.00,0.88,1.05,-9.53,-0.83,0.55,-0.09,-0.54,-0.83,-0.13,-0.15,-0.06,0.99,1

10.35,0.17,0.22,-9.61,0.00,0.00,0.00,0.87,1.00,-9.53,-0.83,0.55,-0.09,-0.54,-0.83,-0.13,-0.15,-0.06,0.99,1

10.38,0.11,0.26,-9.62,0.00,0.00,0.00,0.95,1.00,-9.52,-0.83,0.55,-0.09,-0.54,-0.83,-0.13,-0.15,-0.06,0.99,1

10.42,0.10,0.23,-9.61,0.00,0.00,0.00,0.94,1.03,-9.52,-0.83,0.55,-0.09,-0.54,-0.83,-0.13,-0.15,-0.06,0.99,1

10.45,0.19,0.24,-9.62,0.00,0.00,0.00,0.88,0.96,-9.54,-0.83,0.55,-0.09,-0.54,-0.83,-0.13,-0.15,-0.06,0.99,1

10.48,0.11,0.23,-9.61,0.00,0.00,0.00,0.95,1.00,-9.51,-0.83,0.55,-0.09,-0.54,-0.83,-0.13,-0.15,-0.06,0.99,1

10.52,0.10,0.23,-9.61,0.00,0.00,0.00,0.96,1.00,-9.51,-0.83,0.55,-0.10,-0.54,-0.83,-0.13,-0.15,-0.06,0.99,1

10.55,0.13,0.24,-9.62,0.00,0.00,0.00,0.94,0.98,-9.53,-0.83,0.55,-0.10,-0.54,-0.83,-0.13,-0.15,-0.06,0.99,1

10.58,0.12,0.22,-9.62,0.00,0.00,0.00,0.95,0.99,-9.53,-0.83,0.55,-0.10,-0.54,-0.83,-0.13,-0.15,-0.05,0.99,1

10.61,0.05,0.12,-9.61,0.00,0.00,0.00,0.95,1.11,-9.50,-0.83,0.55,-0.10,-0.54,-0.83,-0.13,-0.15,-0.05,0.99,1

10.65,0.14,0.25,-9.62,0.00,0.00,0.00,0.96,0.95,-9.53,-0.83,0.55,-0.10,-0.54,-0.83,-0.13,-0.15,-0.05,0.99,1

10.68,0.12,0.25,-9.62,0.00,0.00,0.00,0.99,0.95,-9.52,-0.83,0.55,-0.10,-0.54,-0.83,-0.13,-0.15,-0.05,0.99,1

10.71,0.14,0.23,-9.61,0.00,0.00,0.00,0.97,0.95,-9.52,-0.83,0.55,-0.10,-0.54,-0.83,-0.13,-0.15,-0.05,0.99,1

10.75,0.12,0.23,-9.61,0.00,0.00,0.00,0.99,0.96,-9.51,-0.83,0.55,-0.10,-0.54,-0.83,-0.13,-0.15,-0.05,0.99,1

10.78,0.12,0.24,-9.62,0.00,0.00,0.00,1.00,0.95,-9.53,-0.83,0.55,-0.10,-0.54,-0.83,-0.13,-0.15,-0.05,0.99,1

10.81,0.14,0.22,-9.61,0.00,0.00,0.00,0.97,0.95,-9.52,-0.83,0.55,-0.10,-0.54,-0.83,-0.13,-0.15,-0.05,0.99,1

10.85,0.12,0.23,-9.61,0.00,0.00,0.00,1.00,0.94,-9.52,-0.83,0.55,-0.10,-0.54,-0.83,-0.12,-0.15,-0.05,0.99,1

10.88,0.13,0.22,-9.62,0.00,0.00,0.00,0.99,0.94,-9.53,-0.83,0.56,-0.10,-0.54,-0.83,-0.12,-0.15,-0.05,0.99,1

10.91,0.12,0.22,-9.62,0.00,0.00,0.00,1.00,0.94,-9.52,-0.83,0.56,-0.10,-0.54,-0.83,-0.12,-0.15,-0.05,0.99,1

10.94,0.14,0.24,-9.64,0.00,0.00,0.00,1.01,0.92,-9.55,-0.83,0.56,-0.10,-0.54,-0.83,-0.12,-0.15,-0.05,0.99,1

10.98,0.13,0.22,-9.61,0.00,0.00,0.00,1.01,0.93,-9.52,-0.83,0.56,-0.10,-0.54,-0.83,-0.12,-0.15,-0.05,0.99,1

11.01,0.12,0.24,-9.63,0.00,0.00,0.00,1.04,0.91,-9.53,-0.82,0.56,-0.10,-0.54,-0.83,-0.12,-0.15,-0.04,0.99,1

11.04,0.14,0.25,-9.61,0.00,0.00,0.00,1.03,0.89,-9.51,-0.82,0.56,-0.10,-0.54,-0.83,-0.12,-0.15,-0.04,0.99,1

11.08,0.12,0.21,-9.62,0.00,0.00,0.00,1.03,0.93,-9.52,-0.82,0.56,-0.11,-0.54,-0.83,-0.12,-0.15,-0.04,0.99,1

11.11,0.16,0.24,-9.61,0.00,0.00,0.00,1.02,0.88,-9.52,-0.82,0.56,-0.11,-0.54,-0.83,-0.12,-0.15,-0.04,0.99,1

11.14,0.12,0.23,-9.61,0.00,0.00,0.00,1.05,0.90,-9.51,-0.82,0.56,-0.11,-0.54,-0.83,-0.12,-0.16,-0.04,0.99,1

11.18,0.13,0.23,-9.61,0.00,0.00,0.00,1.05,0.89,-9.52,-0.82,0.56,-0.11,-0.54,-0.83,-0.12,-0.16,-0.04,0.99,1

11.21,0.13,0.24,-9.60,0.00,0.00,0.00,1.06,0.87,-9.51,-0.82,0.56,-0.11,-0.55,-0.83,-0.12,-0.16,-0.04,0.99,1

11.24,0.13,0.23,-9.61,0.00,0.00,0.00,1.06,0.88,-9.52,-0.82,0.56,-0.11,-0.55,-0.83,-0.12,-0.16,-0.04,0.99,1

11.28,0.11,0.24,-9.60,0.00,0.00,0.00,1.09,0.87,-9.51,-0.82,0.56,-0.11,-0.55,-0.83,-0.12,-0.16,-0.04,0.99,1

11.31,0.14,0.21,-9.61,0.00,0.00,0.00,1.05,0.88,-9.52,-0.82,0.56,-0.11,-0.55,-0.83,-0.12,-0.16,-0.04,0.99,1

11.34,0.14,0.23,-9.61,0.00,0.00,0.00,1.06,0.86,-9.52,-0.82,0.56,-0.11,-0.55,-0.83,-0.12,-0.16,-0.04,0.99,1

11.37,0.12,0.23,-9.61,0.00,0.00,0.00,1.08,0.86,-9.52,-0.82,0.56,-0.11,-0.55,-0.83,-0.12,-0.16,-0.04,0.99,1

11.41,0.11,0.21,-9.61,0.00,0.00,0.00,1.09,0.88,-9.51,-0.82,0.56,-0.11,-0.55,-0.83,-0.12,-0.16,-0.03,0.99,1

11.44,0.12,0.25,-9.62,0.00,0.00,0.00,1.11,0.84,-9.52,-0.82,0.56,-0.11,-0.55,-0.83,-0.12,-0.16,-0.03,0.99,1

11.47,0.12,0.23,-9.61,0.00,0.00,0.00,1.10,0.85,-9.52,-0.82,0.56,-0.11,-0.55,-0.83,-0.11,-0.16,-0.03,0.99,1

11.51,0.13,0.22,-9.60,0.00,0.00,0.00,1.09,0.84,-9.50,-0.82,0.56,-0.11,-0.55,-0.83,-0.11,-0.16,-0.03,0.99,1

11.54,0.15,0.23,-9.63,0.00,0.00,0.00,1.09,0.82,-9.53,-0.82,0.56,-0.11,-0.55,-0.83,-0.11,-0.16,-0.03,0.99,1

11.57,0.12,0.22,-9.62,0.00,0.00,0.00,1.12,0.85,-9.52,-0.82,0.56,-0.11,-0.55,-0.83,-0.11,-0.16,-0.03,0.99,1

11.61,0.13,0.30,-9.62,0.00,0.00,0.00,1.16,0.77,-9.52,-0.82,0.56,-0.11,-0.55,-0.83,-0.11,-0.16,-0.03,0.99,1

11.64,0.14,0.25,-9.62,0.00,0.00,0.00,1.13,0.80,-9.53,-0.82,0.56,-0.11,-0.55,-0.83,-0.11,-0.16,-0.03,0.99,1

11.67,0.12,0.22,-9.62,0.00,0.00,0.00,1.13,0.83,-9.52,-0.82,0.56,-0.12,-0.55,-0.83,-0.11,-0.16,-0.03,0.99,1

11.70,0.13,0.25,-9.61,0.00,0.00,0.00,1.15,0.79,-9.52,-0.82,0.56,-0.12,-0.55,-0.83,-0.11,-0.16,-0.03,0.99,1

11.74,0.13,0.22,-9.61,0.00,0.00,0.00,1.14,0.81,-9.51,-0.82,0.56,-0.12,-0.55,-0.83,-0.11,-0.16,-0.03,0.99,1

11.77,0.14,0.23,-9.61,0.00,0.00,0.00,1.14,0.79,-9.51,-0.82,0.56,-0.12,-0.55,-0.83,-0.11,-0.16,-0.03,0.99,1

11.80,0.14,0.24,-9.62,0.00,0.00,0.00,1.15,0.79,-9.53,-0.82,0.56,-0.12,-0.55,-0.83,-0.11,-0.16,-0.03,0.99,1

11.84,0.12,0.21,-9.61,0.00,0.00,0.00,1.16,0.81,-9.51,-0.82,0.56,-0.12,-0.55,-0.83,-0.11,-0.16,-0.02,0.99,1

11.87,0.12,0.23,-9.61,0.00,0.00,0.00,1.18,0.79,-9.51,-0.82,0.56,-0.12,-0.55,-0.83,-0.11,-0.16,-0.02,0.99,1

11.90,0.13,0.23,-9.62,0.00,0.00,0.00,1.18,0.78,-9.52,-0.82,0.56,-0.12,-0.55,-0.83,-0.11,-0.16,-0.02,0.99,1

11.94,0.12,0.22,-9.62,0.00,0.00,0.00,1.19,0.79,-9.51,-0.82,0.56,-0.12,-0.55,-0.83,-0.11,-0.16,-0.02,0.99,1

11.97,0.13,0.23,-9.62,0.00,0.00,0.00,1.19,0.77,-9.52,-0.82,0.56,-0.12,-0.55,-0.83,-0.11,-0.16,-0.02,0.99,1

12.00,0.14,0.24,-9.62,0.00,0.00,0.00,1.20,0.76,-9.52,-0.82,0.56,-0.12,-0.55,-0.83,-0.11,-0.16,-0.02,0.99,1

12.03,0.13,0.23,-9.63,0.00,0.00,0.00,1.21,0.76,-9.53,-0.82,0.56,-0.12,-0.55,-0.83,-0.11,-0.16,-0.02,0.99,1

12.07,0.12,0.23,-9.61,0.00,0.00,0.00,1.21,0.77,-9.50,-0.82,0.56,-0.12,-0.55,-0.83,-0.11,-0.16,-0.02,0.99,1

12.10,0.14,0.22,-9.62,0.00,0.00,0.00,1.20,0.75,-9.52,-0.82,0.56,-0.12,-0.55,-0.83,-0.11,-0.16,-0.02,0.99,1

12.13,0.12,0.24,-9.60,0.00,0.00,0.00,1.24,0.74,-9.50,-0.82,0.56,-0.12,-0.55,-0.83,-0.11,-0.16,-0.02,0.99,1

12.17,0.09,0.26,-9.61,0.00,0.00,0.00,1.27,0.74,-9.50,-0.82,0.56,-0.13,-0.55,-0.83,-0.10,-0.16,-0.02,0.99,1

12.20,0.12,0.20,-9.62,0.00,0.00,0.00,1.22,0.77,-9.52,-0.82,0.56,-0.13,-0.55,-0.83,-0.10,-0.16,-0.02,0.99,1

12.23,0.18,0.22,-9.62,0.00,0.00,0.00,1.19,0.71,-9.53,-0.82,0.56,-0.13,-0.55,-0.83,-0.10,-0.16,-0.01,0.99,1

12.27,0.12,0.24,-9.61,0.00,0.00,0.00,1.25,0.73,-9.51,-0.82,0.56,-0.13,-0.55,-0.83,-0.10,-0.16,-0.01,0.99,1

12.30,0.12,0.23,-9.61,0.00,0.00,0.00,1.26,0.73,-9.51,-0.82,0.56,-0.13,-0.55,-0.83,-0.10,-0.16,-0.01,0.99,1

12.33,0.11,0.25,-9.60,0.00,0.00,0.00,1.28,0.71,-9.49,-0.82,0.56,-0.13,-0.56,-0.83,-0.10,-0.16,-0.01,0.99,1

12.36,0.14,0.18,-9.62,0.00,0.00,0.00,1.23,0.75,-9.52,-0.82,0.56,-0.13,-0.56,-0.83,-0.10,-0.16,-0.01,0.99,1

12.40,0.17,0.23,-9.62,0.00,0.00,0.00,1.24,0.68,-9.52,-0.81,0.57,-0.13,-0.56,-0.82,-0.10,-0.16,-0.01,0.99,1

12.43,0.11,0.24,-9.61,0.00,0.00,0.00,1.29,0.70,-9.50,-0.81,0.57,-0.13,-0.56,-0.82,-0.10,-0.16,-0.01,0.99,1

12.46,0.12,0.22,-9.61,0.00,0.00,0.00,1.28,0.71,-9.50,-0.81,0.57,-0.13,-0.56,-0.82,-0.10,-0.16,-0.01,0.99,1

12.50,0.12,0.22,-9.61,0.00,0.00,0.00,1.29,0.70,-9.50,-0.81,0.57,-0.13,-0.56,-0.82,-0.10,-0.16,-0.01,0.99,1

12.53,0.14,0.24,-9.61,0.00,0.00,0.00,1.29,0.68,-9.51,-0.81,0.57,-0.13,-0.56,-0.82,-0.10,-0.16,-0.01,0.99,1

12.56,0.12,0.23,-9.61,0.00,0.00,0.00,1.31,0.68,-9.50,-0.81,0.57,-0.13,-0.56,-0.82,-0.10,-0.16,-0.01,0.99,1

12.60,0.12,0.23,-9.62,0.00,0.00,0.00,1.31,0.68,-9.51,-0.81,0.57,-0.13,-0.56,-0.82,-0.10,-0.17,-0.01,0.99,1

12.63,0.13,0.24,-9.63,0.00,0.00,0.00,1.32,0.67,-9.52,-0.81,0.57,-0.13,-0.56,-0.82,-0.10,-0.17,-0.00,0.99,1

12.66,0.12,0.23,-9.60,0.00,0.00,0.00,1.32,0.67,-9.49,-0.81,0.57,-0.13,-0.56,-0.82,-0.10,-0.17,-0.00,0.99,1

12.69,0.12,0.23,-9.61,0.00,0.00,0.00,1.33,0.67,-9.50,-0.81,0.57,-0.14,-0.56,-0.82,-0.10,-0.17,-0.00,0.99,1

12.73,0.13,0.23,-9.64,0.00,0.00,0.00,1.33,0.66,-9.52,-0.81,0.57,-0.14,-0.56,-0.82,-0.10,-0.17,-0.00,0.99,1

12.76,0.12,0.23,-9.61,0.00,0.00,0.00,1.34,0.66,-9.50,-0.81,0.57,-0.14,-0.56,-0.82,-0.10,-0.17,-0.00,0.99,1

12.79,0.13,0.22,-9.61,0.00,0.00,0.00,1.34,0.66,-9.50,-0.81,0.57,-0.14,-0.56,-0.82,-0.09,-0.17,-0.00,0.99,1

12.83,0.13,0.22,-9.63,0.00,0.00,0.00,1.34,0.66,-9.52,-0.81,0.57,-0.14,-0.56,-0.82,-0.09,-0.17,0.00,0.99,1

12.86,0.13,0.25,-9.61,0.00,0.00,0.00,1.36,0.63,-9.50,-0.81,0.57,-0.14,-0.56,-0.82,-0.09,-0.17,0.00,0.99,1

12.89,0.13,0.24,-9.61,0.00,0.00,0.00,1.36,0.63,-9.50,-0.81,0.57,-0.14,-0.56,-0.82,-0.09,-0.17,0.00,0.99,1

12.93,0.11,0.22,-9.62,0.00,0.00,0.00,1.37,0.65,-9.50,-0.81,0.57,-0.14,-0.56,-0.82,-0.09,-0.17,0.00,0.99,1

12.96,0.12,0.24,-9.62,0.00,0.00,0.00,1.38,0.62,-9.50,-0.81,0.57,-0.14,-0.56,-0.82,-0.09,-0.17,0.00,0.99,1

12.99,0.13,0.23,-9.61,0.00,0.00,0.00,1.38,0.62,-9.50,-0.81,0.57,-0.14,-0.56,-0.82,-0.09,-0.17,0.00,0.99,1

13.02,0.14,0.23,-9.62,0.00,0.00,0.00,1.38,0.61,-9.50,-0.81,0.57,-0.14,-0.56,-0.82,-0.09,-0.17,0.00,0.99,1

13.06,0.13,0.24,-9.62,0.00,0.00,0.00,1.39,0.61,-9.51,-0.81,0.57,-0.14,-0.56,-0.82,-0.09,-0.17,0.01,0.99,1

13.09,0.12,0.24,-9.62,0.00,0.00,0.00,1.40,0.60,-9.50,-0.81,0.57,-0.14,-0.56,-0.82,-0.09,-0.17,0.01,0.99,1

13.12,0.13,0.23,-9.61,0.00,0.00,0.00,1.40,0.60,-9.49,-0.81,0.57,-0.14,-0.56,-0.82,-0.09,-0.17,0.01,0.99,1

13.15,0.12,0.23,-9.62,0.00,0.00,0.00,1.41,0.61,-9.50,-0.81,0.57,-0.14,-0.56,-0.82,-0.09,-0.17,0.01,0.99,1

13.19,0.12,0.23,-9.61,0.00,0.00,0.00,1.41,0.60,-9.49,-0.81,0.57,-0.14,-0.56,-0.82,-0.09,-0.17,0.01,0.99,1

13.22,0.09,0.25,-9.61,0.00,0.00,0.00,1.45,0.59,-9.49,-0.81,0.57,-0.14,-0.56,-0.82,-0.09,-0.17,0.01,0.99,1

13.25,0.06,0.27,-9.61,0.00,0.00,0.00,1.50,0.59,-9.48,-0.82,0.56,-0.14,-0.55,-0.83,-0.09,-0.17,0.01,0.99,1

13.29,0.21,0.31,-9.60,0.00,0.00,0.00,1.40,0.46,-9.50,-0.82,0.55,-0.15,-0.54,-0.84,-0.09,-0.17,0.01,0.99,1

13.32,0.31,0.22,-9.62,0.00,0.00,0.00,1.27,0.48,-9.53,-0.83,0.54,-0.15,-0.53,-0.84,-0.09,-0.17,0.01,0.99,1

13.35,-0.46,0.17,-9.62,0.00,0.00,0.00,1.89,0.92,-9.40,-0.85,0.50,-0.15,-0.50,-0.86,-0.09,-0.17,-0.00,0.99,1

13.39,0.34,0.27,-9.60,0.00,0.00,0.00,1.25,0.43,-9.52,-0.87,0.47,-0.15,-0.46,-0.88,-0.09,-0.17,-0.01,0.99,1

13.42,-0.30,-0.06,-9.60,0.00,0.00,0.00,1.65,1.00,-9.41,-0.89,0.43,-0.15,-0.42,-0.90,-0.09,-0.17,-0.01,0.99,1

13.45,0.34,0.14,-9.60,0.00,0.00,0.00,1.16,0.56,-9.52,-0.91,0.39,-0.15,-0.38,-0.92,-0.08,-0.17,-0.02,0.99,1

13.49,0.11,0.70,-9.55,0.00,0.00,0.00,1.55,0.11,-9.45,-0.92,0.35,-0.15,-0.34,-0.94,-0.08,-0.17,-0.03,0.99,1

13.52,-0.27,0.64,-9.59,0.00,0.00,0.00,1.88,0.28,-9.42,-0.94,0.31,-0.15,-0.30,-0.95,-0.08,-0.17,-0.03,0.99,1

13.55,0.24,-0.35,-9.70,0.00,0.00,0.00,1.12,1.08,-9.59,-0.95,0.27,-0.15,-0.26,-0.96,-0.08,-0.17,-0.04,0.99,1

13.59,0.00,-0.34,-9.61,0.00,0.00,0.00,1.35,1.12,-9.45,-0.96,0.23,-0.15,-0.22,-0.97,-0.08,-0.16,-0.05,0.99,1

13.62,-0.03,0.22,-9.63,0.00,0.00,0.00,1.51,0.58,-9.50,-0.97,0.20,-0.15,-0.19,-0.98,-0.08,-0.16,-0.05,0.99,1

13.65,0.66,-0.03,-9.64,0.00,0.00,0.00,0.80,0.70,-9.61,-0.97,0.17,-0.15,-0.16,-0.98,-0.08,-0.16,-0.05,0.99,1

13.68,0.59,0.44,-9.63,0.00,0.00,0.00,0.94,0.25,-9.61,-0.97,0.16,-0.15,-0.15,-0.98,-0.08,-0.16,-0.06,0.99,1

13.72,0.27,0.03,-9.61,0.00,0.00,0.00,1.19,0.70,-9.51,-0.98,0.16,-0.15,-0.15,-0.99,-0.08,-0.16,-0.06,0.99,1

13.75,0.17,0.40,-9.61,0.00,0.00,0.00,1.34,0.34,-9.53,-0.98,0.14,-0.15,-0.13,-0.99,-0.08,-0.16,-0.06,0.99,1

13.78,-0.14,0.53,-9.57,0.00,0.00,0.00,1.64,0.24,-9.44,-0.98,0.12,-0.15,-0.11,-0.99,-0.08,-0.16,-0.06,0.99,1

13.82,-0.40,0.42,-9.63,0.00,0.00,0.00,1.88,0.37,-9.45,-0.99,0.08,-0.15,-0.07,-0.99,-0.08,-0.16,-0.07,0.99,1

13.85,0.14,-0.10,-9.54,0.00,0.00,0.00,1.30,0.84,-9.41,-0.99,0.03,-0.15,-0.02,-1.00,-0.08,-0.15,-0.07,0.99,1

13.88,0.15,0.30,-9.62,0.00,0.00,0.00,1.29,0.45,-9.53,-0.99,-0.03,-0.15,0.04,-1.00,-0.08,-0.15,-0.08,0.99,1

13.91,0.58,0.05,-9.66,0.00,0.00,0.00,0.88,0.74,-9.61,-0.99,-0.08,-0.15,0.10,-0.99,-0.08,-0.14,-0.09,0.99,1

13.95,0.76,0.73,-9.64,0.00,0.00,0.00,0.62,0.12,-9.67,-0.98,-0.14,-0.15,0.15,-0.99,-0.08,-0.14,-0.10,0.99,1

13.98,0.37,0.05,-9.62,0.00,0.00,0.00,1.09,0.74,-9.53,-0.97,-0.18,-0.15,0.19,-0.98,-0.08,-0.13,-0.10,0.99,1

14.01,-0.19,0.37,-9.69,0.00,0.00,0.00,1.56,0.32,-9.56,-0.96,-0.23,-0.15,0.25,-0.97,-0.07,-0.13,-0.11,0.99,1

14.05,0.08,-0.12,-9.70,0.00,0.00,0.00,1.43,0.85,-9.56,-0.94,-0.29,-0.15,0.31,-0.95,-0.07,-0.12,-0.12,0.99,1

14.08,0.94,0.18,-9.65,0.00,0.00,0.00,0.53,0.87,-9.65,-0.92,-0.35,-0.15,0.36,-0.93,-0.07,-0.11,-0.12,0.99,1

14.11,0.63,0.51,-9.60,0.00,0.00,0.00,0.67,0.48,-9.60,-0.90,-0.40,-0.15,0.42,-0.91,-0.07,-0.11,-0.13,0.99,1

14.15,0.61,-0.29,-9.61,0.00,0.00,0.00,1.05,1.23,-9.50,-0.86,-0.48,-0.15,0.49,-0.87,-0.07,-0.10,-0.14,0.99,1

14.18,-0.60,-0.24,-9.60,0.00,0.00,0.00,2.07,0.52,-9.38,-0.82,-0.55,-0.15,0.57,-0.82,-0.07,-0.08,-0.14,0.99,1

14.21,1.98,0.39,-9.63,0.00,0.00,0.00,-0.36,1.56,-9.71,-0.79,-0.59,-0.15,0.61,-0.79,-0.07,-0.08,-0.15,0.99,1

14.24,-0.98,0.24,-9.65,0.00,0.00,0.00,2.04,-0.15,-9.48,-0.76,-0.63,-0.15,0.64,-0.76,-0.07,-0.07,-0.15,0.99,1

14.28,0.44,-0.05,-9.61,0.00,0.00,0.00,1.13,0.97,-9.50,-0.76,-0.64,-0.15,0.65,-0.76,-0.07,-0.07,-0.15,0.99,1

14.31,0.32,0.43,-9.65,0.00,0.00,0.00,0.92,0.52,-9.61,-0.76,-0.63,-0.15,0.65,-0.76,-0.07,-0.07,-0.15,0.99,1

14.34,0.80,0.71,-9.61,0.00,0.00,0.00,0.37,0.61,-9.64,-0.76,-0.63,-0.15,0.65,-0.76,-0.07,-0.07,-0.15,0.99,1

14.38,0.37,0.24,-9.60,0.00,0.00,0.00,0.99,0.69,-9.53,-0.76,-0.63,-0.15,0.65,-0.76,-0.07,-0.07,-0.15,0.99,1

14.41,0.28,0.13,-9.61,0.00,0.00,0.00,1.13,0.71,-9.53,-0.76,-0.63,-0.15,0.65,-0.76,-0.06,-0.07,-0.14,0.99,1

14.44,0.29,0.20,-9.61,0.00,0.00,0.00,1.07,0.65,-9.53,-0.76,-0.64,-0.15,0.65,-0.76,-0.06,-0.07,-0.14,0.99,1

14.48,-0.03,-0.01,-9.60,0.00,0.00,0.00,1.44,0.59,-9.48,-0.75,-0.64,-0.15,0.66,-0.75,-0.06,-0.07,-0.14,0.99,1

14.51,0.30,0.15,-9.64,0.00,0.00,0.00,1.10,0.69,-9.56,-0.75,-0.64,-0.15,0.66,-0.75,-0.06,-0.07,-0.14,0.99,1

14.54,0.25,0.21,-9.62,0.00,0.00,0.00,1.08,0.60,-9.54,-0.75,-0.65,-0.15,0.66,-0.75,-0.06,-0.07,-0.14,0.99,1

14.57,0.52,0.12,-9.62,0.00,0.00,0.00,0.94,0.84,-9.55,-0.74,-0.65,-0.15,0.67,-0.74,-0.06,-0.07,-0.14,0.99,1

14.61,0.42,0.17,-9.64,0.00,0.00,0.00,0.98,0.74,-9.57,-0.74,-0.66,-0.15,0.67,-0.74,-0.06,-0.07,-0.14,0.99,1

14.64,0.23,0.29,-9.62,0.00,0.00,0.00,1.04,0.51,-9.56,-0.74,-0.66,-0.15,0.67,-0.74,-0.06,-0.07,-0.14,0.99,1

14.67,0.28,0.16,-9.61,0.00,0.00,0.00,1.08,0.63,-9.53,-0.74,-0.66,-0.15,0.67,-0.74,-0.06,-0.07,-0.14,0.99,1

14.71,0.25,0.15,-9.61,0.00,0.00,0.00,1.11,0.61,-9.53,-0.74,-0.66,-0.14,0.67,-0.74,-0.06,-0.07,-0.14,0.99,1

14.74,0.28,0.16,-9.62,0.00,0.00,0.00,1.08,0.62,-9.54,-0.74,-0.66,-0.14,0.67,-0.74,-0.06,-0.07,-0.14,0.99,1

14.77,0.26,0.14,-9.62,0.00,0.00,0.00,1.10,0.61,-9.54,-0.74,-0.66,-0.14,0.67,-0.74,-0.06,-0.07,-0.14,0.99,1

14.81,0.27,0.15,-9.61,0.00,0.00,0.00,1.09,0.61,-9.54,-0.74,-0.66,-0.14,0.67,-0.74,-0.06,-0.07,-0.14,0.99,1

14.84,0.29,0.16,-9.63,0.00,0.00,0.00,1.06,0.61,-9.55,-0.74,-0.66,-0.14,0.67,-0.74,-0.06,-0.07,-0.14,0.99,1

14.87,0.28,0.11,-9.60,0.00,0.00,0.00,1.09,0.63,-9.52,-0.74,-0.66,-0.14,0.67,-0.74,-0.05,-0.07,-0.14,0.99,1

14.90,0.28,0.19,-9.62,0.00,0.00,0.00,1.05,0.56,-9.55,-0.74,-0.66,-0.14,0.67,-0.74,-0.05,-0.07,-0.14,0.99,1

14.94,0.28,0.14,-9.62,0.00,0.00,0.00,1.07,0.59,-9.55,-0.74,-0.66,-0.14,0.67,-0.74,-0.05,-0.07,-0.13,0.99,1

14.97,0.29,0.15,-9.61,0.00,0.00,0.00,1.05,0.58,-9.54,-0.74,-0.66,-0.14,0.67,-0.74,-0.05,-0.07,-0.13,0.99,1

15.00,0.25,0.14,-9.62,0.00,0.00,0.00,1.08,0.56,-9.55,-0.74,-0.65,-0.14,0.67,-0.74,-0.05,-0.07,-0.13,0.99,1

15.04,0.26,0.17,-9.62,0.00,0.00,0.00,1.05,0.54,-9.55,-0.74,-0.65,-0.14,0.67,-0.74,-0.05,-0.07,-0.13,0.99,1

15.07,0.27,0.18,-9.63,0.00,0.00,0.00,1.04,0.53,-9.56,-0.74,-0.66,-0.14,0.67,-0.74,-0.05,-0.07,-0.13,0.99,1

15.10,0.27,0.17,-9.62,0.00,0.00,0.00,1.05,0.53,-9.55,-0.74,-0.66,-0.14,0.67,-0.74,-0.05,-0.07,-0.13,0.99,1

15.14,0.24,0.18,-9.62,0.00,0.00,0.00,1.06,0.49,-9.55,-0.74,-0.66,-0.14,0.67,-0.74,-0.05,-0.07,-0.13,0.99,1

15.17,0.25,0.12,-9.62,0.00,0.00,0.00,1.09,0.53,-9.54,-0.74,-0.66,-0.14,0.67,-0.74,-0.05,-0.07,-0.13,0.99,1

15.20,0.25,0.16,-9.63,0.00,0.00,0.00,1.06,0.50,-9.56,-0.74,-0.66,-0.14,0.67,-0.74,-0.05,-0.07,-0.13,0.99,1

15.24,0.28,0.20,-9.61,0.00,0.00,0.00,1.01,0.49,-9.55,-0.74,-0.66,-0.14,0.67,-0.74,-0.05,-0.07,-0.13,0.99,1

15.27,0.33,0.10,-9.62,0.00,0.00,0.00,1.03,0.58,-9.56,-0.74,-0.66,-0.14,0.67,-0.74,-0.05,-0.07,-0.13,0.99,1

15.30,0.25,0.24,-9.63,0.00,0.00,0.00,1.00,0.42,-9.57,-0.74,-0.66,-0.14,0.67,-0.74,-0.04,-0.07,-0.13,0.99,1

15.33,0.28,0.14,-9.63,0.00,0.00,0.00,1.04,0.50,-9.57,-0.74,-0.66,-0.14,0.67,-0.74,-0.04,-0.07,-0.13,0.99,1

15.37,0.25,0.17,-9.62,0.00,0.00,0.00,1.03,0.46,-9.56,-0.74,-0.66,-0.14,0.67,-0.74,-0.04,-0.07,-0.12,0.99,1

15.40,0.29,0.18,-9.63,0.00,0.00,0.00,0.99,0.48,-9.57,-0.74,-0.66,-0.14,0.67,-0.74,-0.04,-0.07,-0.12,0.99,1

15.43,0.25,0.18,-9.62,0.00,0.00,0.00,1.02,0.44,-9.56,-0.74,-0.66,-0.14,0.67,-0.74,-0.04,-0.07,-0.12,0.99,1

15.47,0.25,0.17,-9.63,0.00,0.00,0.00,1.02,0.43,-9.57,-0.74,-0.66,-0.14,0.67,-0.75,-0.04,-0.08,-0.12,0.99,1

15.50,0.28,0.17,-9.64,0.00,0.00,0.00,1.00,0.45,-9.59,-0.74,-0.66,-0.14,0.67,-0.74,-0.04,-0.08,-0.12,0.99,1

15.53,0.33,0.22,-9.62,0.00,0.00,0.00,0.93,0.44,-9.58,-0.74,-0.66,-0.14,0.67,-0.74,-0.04,-0.08,-0.12,0.99,1

15.57,0.05,0.16,-9.63,0.00,0.00,0.00,1.17,0.29,-9.56,-0.74,-0.66,-0.14,0.67,-0.74,-0.04,-0.08,-0.12,0.99,1

15.60,0.23,0.16,-9.63,0.00,0.00,0.00,1.04,0.41,-9.57,-0.74,-0.66,-0.14,0.67,-0.74,-0.04,-0.08,-0.12,0.99,1

15.63,0.26,0.21,-9.61,0.00,0.00,0.00,0.98,0.38,-9.56,-0.74,-0.66,-0.14,0.67,-0.74,-0.04,-0.08,-0.12,0.99,1

15.66,0.23,0.23,-9.63,0.00,0.00,0.00,0.98,0.34,-9.58,-0.74,-0.66,-0.14,0.67,-0.75,-0.04,-0.08,-0.12,0.99,1

15.70,0.21,0.20,-9.63,0.00,0.00,0.00,1.02,0.34,-9.57,-0.74,-0.65,-0.14,0.66,-0.75,-0.04,-0.08,-0.12,0.99,1

15.73,0.22,0.20,-9.62,0.00,0.00,0.00,1.01,0.34,-9.57,-0.75,-0.65,-0.14,0.66,-0.75,-0.04,-0.08,-0.12,0.99,1

15.76,0.28,0.18,-9.62,0.00,0.00,0.00,0.97,0.39,-9.57,-0.75,-0.65,-0.13,0.66,-0.75,-0.04,-0.08,-0.12,0.99,1

15.80,0.27,0.33,-9.62,0.00,0.00,0.00,0.88,0.26,-9.59,-0.75,-0.65,-0.13,0.66,-0.75,-0.03,-0.08,-0.11,0.99,1

15.83,0.18,0.06,-9.64,0.00,0.00,0.00,1.13,0.40,-9.57,-0.75,-0.65,-0.13,0.66,-0.75,-0.03,-0.08,-0.11,0.99,1

15.86,0.29,0.30,-9.62,0.00,0.00,0.00,0.88,0.28,-9.59,-0.75,-0.64,-0.13,0.65,-0.76,-0.03,-0.08,-0.11,0.99,1

15.89,0.24,0.26,-9.63,0.00,0.00,0.00,0.94,0.27,-9.59,-0.75,-0.65,-0.13,0.65,-0.76,-0.03,-0.08,-0.11,0.99,1

15.93,0.27,0.26,-9.63,0.00,0.00,0.00,0.92,0.29,-9.59,-0.75,-0.65,-0.13,0.65,-0.76,-0.03,-0.08,-0.11,0.99,1

15.96,0.17,0.12,-9.63,0.00,0.00,0.00,1.08,0.32,-9.57,-0.75,-0.65,-0.13,0.65,-0.76,-0.03,-0.08,-0.11,0.99,1

15.99,0.22,0.23,-9.64,0.00,0.00,0.00,0.97,0.26,-9.60,-0.75,-0.65,-0.13,0.65,-0.76,-0.03,-0.08,-0.11,0.99,1

16.03,0.25,0.21,-9.66,0.00,0.00,0.00,0.97,0.28,-9.61,-0.75,-0.65,-0.13,0.65,-0.76,-0.03,-0.08,-0.11,0.99,1

16.06,0.20,0.23,-9.60,0.00,0.00,0.00,0.97,0.22,-9.56,-0.75,-0.64,-0.13,0.65,-0.76,-0.03,-0.08,-0.11,0.99,1

16.09,0.21,0.24,-9.62,0.00,0.00,0.00,0.96,0.22,-9.57,-0.75,-0.64,-0.13,0.65,-0.76,-0.03,-0.08,-0.11,0.99,1

16.13,0.30,0.28,-9.65,0.00,0.00,0.00,0.87,0.25,-9.61,-0.76,-0.64,-0.13,0.65,-0.76,-0.03,-0.08,-0.11,0.99,1

16.16,0.12,0.09,-9.63,0.00,0.00,0.00,1.12,0.27,-9.57,-0.76,-0.64,-0.13,0.65,-0.76,-0.03,-0.08,-0.11,0.99,1

16.19,0.21,0.14,-9.63,0.00,0.00,0.00,1.02,0.28,-9.58,-0.76,-0.64,-0.13,0.64,-0.76,-0.03,-0.08,-0.10,0.99,1

16.23,0.27,0.21,-9.65,0.00,0.00,0.00,0.93,0.26,-9.60,-0.76,-0.64,-0.13,0.64,-0.77,-0.03,-0.08,-0.10,0.99,1

16.26,0.44,-0.03,-9.64,0.00,0.00,0.00,0.96,0.54,-9.58,-0.76,-0.64,-0.13,0.65,-0.76,-0.02,-0.08,-0.10,0.99,1

16.29,-0.14,0.45,-9.65,0.00,0.00,0.00,1.08,-0.21,-9.60,-0.76,-0.64,-0.13,0.65,-0.76,-0.02,-0.08,-0.10,0.99,1

16.32,0.23,0.27,-9.64,0.00,0.00,0.00,0.92,0.15,-9.61,-0.76,-0.64,-0.13,0.65,-0.76,-0.02,-0.09,-0.10,0.99,1

16.36,0.30,0.28,-9.69,0.00,0.00,0.00,0.87,0.17,-9.66,-0.76,-0.64,-0.13,0.65,-0.76,-0.02,-0.09,-0.10,0.99,1

16.39,0.34,0.03,-9.66,0.00,0.00,0.00,0.99,0.37,-9.60,-0.77,-0.63,-0.13,0.64,-0.77,-0.02,-0.09,-0.10,0.99,1

16.42,0.30,0.26,-9.69,0.00,0.00,0.00,0.87,0.16,-9.66,-0.77,-0.62,-0.13,0.63,-0.78,-0.02,-0.09,-0.10,0.99,1

16.46,0.15,-0.00,-9.58,0.00,0.00,0.00,1.14,0.25,-9.51,-0.77,-0.62,-0.13,0.63,-0.78,-0.02,-0.09,-0.09,0.99,1

16.49,0.21,0.26,-9.62,0.00,0.00,0.00,0.93,0.07,-9.58,-0.77,-0.62,-0.13,0.63,-0.78,-0.02,-0.09,-0.09,0.99,1

16.52,0.10,0.16,-9.60,0.00,0.00,0.00,1.07,0.08,-9.55,-0.78,-0.62,-0.13,0.63,-0.78,-0.01,-0.09,-0.09,0.99,1

16.56,0.20,0.23,-9.63,0.00,0.00,0.00,0.95,0.07,-9.59,-0.78,-0.62,-0.13,0.62,-0.78,-0.01,-0.09,-0.09,0.99,1

16.59,0.18,0.22,-9.64,0.00,0.00,0.00,0.97,0.06,-9.59,-0.78,-0.62,-0.13,0.62,-0.78,-0.01,-0.09,-0.09,0.99,1

16.62,0.20,0.25,-9.65,0.00,0.00,0.00,0.93,0.05,-9.61,-0.78,-0.62,-0.13,0.62,-0.78,-0.01,-0.09,-0.09,0.99,1

16.65,0.16,0.23,-9.63,0.00,0.00,0.00,0.98,0.02,-9.58,-0.78,-0.62,-0.13,0.62,-0.78,-0.01,-0.09,-0.09,0.99,1

16.69,0.18,0.24,-9.61,0.00,0.00,0.00,0.95,0.02,-9.57,-0.78,-0.62,-0.13,0.62,-0.78,-0.01,-0.09,-0.09,0.99,1

16.72,0.19,0.23,-9.63,0.00,0.00,0.00,0.95,0.03,-9.59,-0.78,-0.62,-0.13,0.62,-0.78,-0.01,-0.09,-0.09,0.99,1

16.75,0.16,0.21,-9.62,0.00,0.00,0.00,0.98,0.02,-9.57,-0.78,-0.62,-0.13,0.62,-0.78,-0.01,-0.09,-0.09,0.99,1

16.79,0.18,0.24,-9.63,0.00,0.00,0.00,0.94,-0.00,-9.59,-0.78,-0.62,-0.13,0.62,-0.78,-0.01,-0.10,-0.09,0.99,1

16.82,0.18,0.25,-9.62,0.00,0.00,0.00,0.93,-0.01,-9.58,-0.78,-0.62,-0.13,0.62,-0.78,-0.01,-0.10,-0.09,0.99,1

16.85,0.18,0.21,-9.63,0.00,0.00,0.00,0.95,0.01,-9.58,-0.78,-0.62,-0.13,0.62,-0.78,-0.01,-0.10,-0.08,0.99,1

16.89,0.18,0.24,-9.63,0.00,0.00,0.00,0.94,-0.02,-9.59,-0.78,-0.62,-0.13,0.62,-0.78,-0.01,-0.10,-0.08,0.99,1

16.92,0.21,0.22,-9.66,0.00,0.00,0.00,0.93,0.01,-9.62,-0.78,-0.62,-0.13,0.62,-0.78,-0.01,-0.10,-0.08,0.99,1

16.95,0.18,0.24,-9.62,0.00,0.00,0.00,0.93,-0.03,-9.58,-0.78,-0.62,-0.13,0.62,-0.78,-0.00,-0.10,-0.08,0.99,1

16.98,0.19,0.25,-9.64,0.00,0.00,0.00,0.91,-0.04,-9.61,-0.78,-0.62,-0.13,0.62,-0.78,-0.00,-0.10,-0.08,0.99,1

17.02,0.21,0.23,-9.67,0.00,0.00,0.00,0.91,-0.02,-9.63,-0.78,-0.62,-0.13,0.62,-0.78,-0.00,-0.10,-0.08,0.99,1

17.05,0.19,0.23,-9.64,0.00,0.00,0.00,0.92,-0.04,-9.60,-0.78,-0.62,-0.13,0.62,-0.78,-0.00,-0.10,-0.08,0.99,1

17.08,0.18,0.25,-9.62,0.00,0.00,0.00,0.91,-0.07,-9.58,-0.78,-0.62,-0.13,0.62,-0.78,-0.00,-0.10,-0.08,0.99,1

17.12,0.21,0.24,-9.65,0.00,0.00,0.00,0.89,-0.06,-9.62,-0.78,-0.62,-0.12,0.62,-0.78,-0.00,-0.10,-0.08,0.99,1

17.15,0.17,0.23,-9.62,0.00,0.00,0.00,0.93,-0.07,-9.58,-0.78,-0.62,-0.12,0.62,-0.78,0.00,-0.10,-0.08,0.99,1

17.18,0.18,0.23,-9.64,0.00,0.00,0.00,0.92,-0.07,-9.60,-0.78,-0.62,-0.12,0.62,-0.78,0.00,-0.10,-0.08,0.99,1

17.22,0.18,0.25,-9.62,0.00,0.00,0.00,0.90,-0.10,-9.58,-0.78,-0.62,-0.12,0.62,-0.78,0.00,-0.10,-0.08,0.99,1

17.25,0.16,0.20,-9.63,0.00,0.00,0.00,0.94,-0.08,-9.59,-0.78,-0.61,-0.12,0.62,-0.79,0.00,-0.10,-0.07,0.99,1

17.28,0.16,0.20,-9.63,0.00,0.00,0.00,0.94,-0.09,-9.59,-0.78,-0.62,-0.12,0.62,-0.79,0.00,-0.10,-0.07,0.99,1

17.31,0.19,0.25,-9.61,0.00,0.00,0.00,0.88,-0.12,-9.58,-0.78,-0.61,-0.12,0.62,-0.79,0.00,-0.10,-0.07,0.99,1

17.35,0.17,0.24,-9.61,0.00,0.00,0.00,0.90,-0.12,-9.57,-0.78,-0.61,-0.12,0.62,-0.79,0.00,-0.10,-0.07,0.99,1

17.38,0.15,0.23,-9.62,0.00,0.00,0.00,0.92,-0.13,-9.58,-0.78,-0.61,-0.12,0.62,-0.79,0.00,-0.10,-0.07,0.99,1

17.41,0.21,0.25,-9.65,0.00,0.00,0.00,0.87,-0.12,-9.62,-0.78,-0.61,-0.12,0.62,-0.79,0.01,-0.10,-0.07,0.99,1

17.44,0.16,0.23,-9.61,0.00,0.00,0.00,0.90,-0.14,-9.57,-0.78,-0.61,-0.12,0.62,-0.79,0.01,-0.10,-0.07,0.99,1

17.48,0.19,0.20,-9.64,0.00,0.00,0.00,0.89,-0.10,-9.60,-0.78,-0.61,-0.12,0.62,-0.79,0.01,-0.10,-0.07,0.99,1

17.51,0.19,0.23,-9.63,0.00,0.00,0.00,0.88,-0.13,-9.59,-0.78,-0.61,-0.12,0.62,-0.79,0.01,-0.10,-0.07,0.99,1

17.54,0.19,0.22,-9.63,0.00,0.00,0.00,0.87,-0.13,-9.59,-0.78,-0.61,-0.12,0.62,-0.79,0.01,-0.10,-0.07,0.99,1

17.58,0.20,0.25,-9.62,0.00,0.00,0.00,0.85,-0.16,-9.59,-0.78,-0.61,-0.12,0.62,-0.79,0.01,-0.10,-0.07,0.99,1

17.61,0.16,0.22,-9.63,0.00,0.00,0.00,0.89,-0.17,-9.59,-0.78,-0.61,-0.12,0.62,-0.79,0.01,-0.10,-0.07,0.99,1

17.64,0.20,0.25,-9.63,0.00,0.00,0.00,0.85,-0.17,-9.60,-0.78,-0.61,-0.12,0.62,-0.79,0.01,-0.10,-0.07,0.99,1

17.68,0.18,0.24,-9.63,0.00,0.00,0.00,0.86,-0.19,-9.59,-0.78,-0.61,-0.12,0.62,-0.79,0.01,-0.10,-0.06,0.99,1

17.71,0.19,0.22,-9.63,0.00,0.00,0.00,0.86,-0.16,-9.59,-0.78,-0.61,-0.12,0.62,-0.79,0.01,-0.10,-0.06,0.99,1

17.74,0.19,0.23,-9.62,0.00,0.00,0.00,0.85,-0.18,-9.59,-0.78,-0.61,-0.12,0.62,-0.79,0.01,-0.10,-0.06,0.99,1

17.78,0.20,0.26,-9.63,0.00,0.00,0.00,0.82,-0.21,-9.60,-0.78,-0.61,-0.12,0.62,-0.79,0.01,-0.10,-0.06,0.99,1

17.81,0.11,0.32,-9.64,0.00,0.00,0.00,0.87,-0.33,-9.60,-0.78,-0.61,-0.12,0.61,-0.79,0.01,-0.10,-0.06,0.99,1

17.84,0.16,0.15,-9.60,0.00,0.00,0.00,0.92,-0.17,-9.56,-0.78,-0.61,-0.12,0.61,-0.79,0.02,-0.10,-0.06,0.99,1

17.87,0.21,0.21,-9.63,0.00,0.00,0.00,0.86,-0.20,-9.60,-0.78,-0.61,-0.12,0.61,-0.79,0.02,-0.10,-0.06,0.99,1

17.91,0.17,0.42,-9.65,0.00,0.00,0.00,0.75,-0.39,-9.63,-0.78,-0.61,-0.12,0.61,-0.79,0.02,-0.10,-0.06,0.99,1

17.94,0.20,0.25,-9.68,0.00,0.00,0.00,0.83,-0.24,-9.65,-0.78,-0.61,-0.12,0.61,-0.79,0.02,-0.10,-0.06,0.99,1

17.97,0.22,0.19,-9.66,0.00,0.00,0.00,0.85,-0.19,-9.62,-0.78,-0.62,-0.12,0.62,-0.79,0.02,-0.10,-0.06,0.99,1

18.01,0.18,0.26,-9.64,0.00,0.00,0.00,0.83,-0.28,-9.60,-0.78,-0.62,-0.12,0.62,-0.78,0.02,-0.10,-0.06,0.99,1

18.04,0.14,0.27,-9.58,0.00,0.00,0.00,0.85,-0.32,-9.54,-0.78,-0.62,-0.12,0.62,-0.78,0.02,-0.10,-0.06,0.99,1

18.07,0.18,0.25,-9.65,0.00,0.00,0.00,0.83,-0.29,-9.62,-0.78,-0.62,-0.12,0.62,-0.78,0.02,-0.10,-0.06,0.99,1

18.11,0.15,0.23,-9.61,0.00,0.00,0.00,0.87,-0.30,-9.57,-0.78,-0.62,-0.12,0.62,-0.79,0.02,-0.11,-0.06,0.99,1

18.14,0.17,0.23,-9.64,0.00,0.00,0.00,0.85,-0.30,-9.60,-0.78,-0.62,-0.12,0.62,-0.79,0.02,-0.11,-0.05,0.99,1

18.17,0.15,0.24,-9.62,0.00,0.00,0.00,0.87,-0.34,-9.58,-0.78,-0.62,-0.12,0.62,-0.79,0.03,-0.11,-0.05,0.99,1

18.20,0.13,0.25,-9.59,0.00,0.00,0.00,0.88,-0.36,-9.55,-0.78,-0.62,-0.12,0.62,-0.79,0.03,-0.11,-0.05,0.99,1

18.24,0.14,0.25,-9.61,0.00,0.00,0.00,0.85,-0.35,-9.57,-0.78,-0.62,-0.12,0.62,-0.79,0.03,-0.11,-0.05,0.99,1

18.27,0.17,0.17,-9.64,0.00,0.00,0.00,0.87,-0.28,-9.60,-0.78,-0.62,-0.12,0.62,-0.79,0.03,-0.11,-0.05,0.99,1

18.30,0.27,0.28,-9.61,0.00,0.00,0.00,0.74,-0.33,-9.58,-0.78,-0.62,-0.12,0.62,-0.78,0.03,-0.11,-0.05,0.99,1

18.34,0.11,0.26,-9.60,0.00,0.00,0.00,0.87,-0.43,-9.55,-0.77,-0.62,-0.12,0.63,-0.78,0.03,-0.11,-0.05,0.99,1

18.37,0.30,-0.13,-9.72,0.00,0.00,0.00,0.99,-0.01,-9.67,-0.77,-0.63,-0.12,0.63,-0.77,0.03,-0.11,-0.05,0.99,1

18.40,0.33,0.41,-9.82,0.00,0.00,0.00,0.63,-0.40,-9.80,-0.76,-0.64,-0.12,0.64,-0.77,0.03,-0.11,-0.05,0.99,1

18.44,0.21,-0.56,-9.49,0.00,0.00,0.00,1.30,0.29,-9.42,-0.76,-0.64,-0.11,0.64,-0.77,0.03,-0.11,-0.05,0.99,1

18.47,-0.18,-0.24,-9.61,0.00,0.00,0.00,1.39,-0.22,-9.51,-0.75,-0.65,-0.11,0.65,-0.76,0.03,-0.11,-0.05,0.99,1

18.50,0.09,1.26,-9.31,0.00,0.00,0.00,0.17,-1.16,-9.32,-0.75,-0.65,-0.11,0.65,-0.76,0.03,-0.10,-0.05,0.99,1

18.53,0.27,0.70,-9.77,0.00,0.00,0.00,0.45,-0.63,-9.77,-0.74,-0.67,-0.11,0.67,-0.74,0.03,-0.10,-0.05,0.99,1

18.57,-0.81,0.80,-9.58,0.00,0.00,0.00,1.08,-1.43,-9.48,-0.69,-0.71,-0.11,0.72,-0.70,0.03,-0.10,-0.06,0.99,1

18.60,1.38,1.12,-9.88,0.00,0.00,0.00,-0.61,0.06,-10.02,-0.64,-0.76,-0.11,0.77,-0.64,0.03,-0.10,-0.07,0.99,1

18.63,0.01,0.18,-9.63,0.00,0.00,0.00,0.94,-0.39,-9.58,-0.62,-0.78,-0.11,0.78,-0.63,0.03,-0.09,-0.07,0.99,1

18.67,0.13,0.32,-9.53,0.00,0.00,0.00,0.74,-0.39,-9.49,-0.60,-0.79,-0.11,0.79,-0.61,0.03,-0.09,-0.07,0.99,1

18.70,0.43,0.57,-9.13,0.00,0.00,0.00,0.32,-0.25,-9.15,-0.56,-0.82,-0.11,0.82,-0.56,0.03,-0.09,-0.08,0.99,1

18.73,-0.23,-0.04,-9.21,0.00,0.00,0.00,1.19,-0.46,-9.13,-0.49,-0.86,-0.11,0.87,-0.50,0.03,-0.08,-0.08,0.99,1

18.77,0.25,0.14,-9.64,0.00,0.00,0.00,0.85,-0.16,-9.61,-0.46,-0.88,-0.11,0.89,-0.46,0.03,-0.08,-0.09,0.99,1

18.80,-0.42,0.26,-9.28,0.00,0.00,0.00,1.00,-0.80,-9.20,-0.43,-0.89,-0.11,0.90,-0.44,0.03,-0.08,-0.09,0.99,1

18.83,0.90,0.01,-9.45,0.00,0.00,0.00,0.73,0.54,-9.45,-0.37,-0.92,-0.11,0.93,-0.37,0.03,-0.07,-0.09,0.99,1

18.86,0.64,0.11,-9.30,0.00,0.00,0.00,0.79,0.31,-9.28,-0.26,-0.96,-0.11,0.96,-0.26,0.03,-0.06,-0.10,0.99,1

18.90,0.53,0.25,-9.53,0.00,0.00,0.00,0.74,0.19,-9.51,-0.19,-0.98,-0.11,0.98,-0.19,0.03,-0.05,-0.11,0.99,1

18.93,-0.17,0.51,-9.08,0.00,0.00,0.00,0.56,-0.50,-9.06,-0.13,-0.99,-0.11,0.99,-0.13,0.03,-0.04,-0.11,0.99,1

18.96,0.10,-0.18,-9.78,0.00,0.00,0.00,1.28,-0.19,-9.70,-0.04,-0.99,-0.11,1.00,-0.05,0.03,-0.03,-0.11,0.99,1

19.00,0.31,-0.38,-9.54,0.00,0.00,0.00,1.48,0.01,-9.43,0.05,-0.99,-0.11,1.00,0.05,0.03,-0.02,-0.12,0.99,1

19.03,0.12,-0.27,-9.58,0.00,0.00,0.00,1.38,-0.18,-9.48,0.13,-0.98,-0.11,0.99,0.13,0.03,-0.01,-0.12,0.99,1

19.06,0.94,-0.09,-9.79,0.00,0.00,0.00,1.40,0.63,-9.71,0.20,-0.97,-0.11,0.98,0.20,0.03,-0.00,-0.12,0.99,1

19.09,-0.16,0.66,-9.65,0.00,0.00,0.00,0.43,-0.27,-9.66,0.24,-0.96,-0.11,0.97,0.24,0.03,0.00,-0.12,0.99,1

19.13,0.37,-0.19,-9.56,0.00,0.00,0.00,1.38,0.03,-9.47,0.30,-0.95,-0.11,0.95,0.30,0.03,0.01,-0.12,0.99,1

19.16,-0.49,0.07,-9.49,0.00,0.00,0.00,0.84,-0.70,-9.44,0.35,-0.93,-0.11,0.94,0.35,0.03,0.01,-0.12,0.99,1

19.19,0.45,0.06,-9.57,0.00,0.00,0.00,1.20,0.18,-9.50,0.38,-0.92,-0.11,0.93,0.38,0.03,0.02,-0.11,0.99,1

19.23,0.29,0.06,-9.62,0.00,0.00,0.00,1.13,0.03,-9.56,0.38,-0.92,-0.11,0.93,0.38,0.03,0.02,-0.11,0.99,1

19.26,0.39,-0.23,-9.63,0.00,0.00,0.00,1.44,0.01,-9.54,0.39,-0.91,-0.11,0.92,0.39,0.03,0.02,-0.11,0.99,1

19.29,1.06,-0.85,-9.80,0.00,0.00,0.00,2.30,0.34,-9.61,0.42,-0.90,-0.11,0.91,0.42,0.03,0.02,-0.11,0.99,1

19.33,0.40,0.27,-9.68,0.00,0.00,0.00,0.99,0.22,-9.64,0.44,-0.89,-0.11,0.90,0.44,0.03,0.02,-0.11,0.99,1

19.36,0.39,0.30,-9.73,0.00,0.00,0.00,0.97,0.22,-9.69,0.45,-0.89,-0.11,0.89,0.45,0.03,0.03,-0.11,0.99,1

19.39,0.28,-0.16,-9.64,0.00,0.00,0.00,1.32,-0.08,-9.55,0.46,-0.88,-0.11,0.89,0.46,0.03,0.03,-0.11,0.99,1

19.42,0.77,-1.37,-9.77,0.00,0.00,0.00,2.59,-0.23,-9.55,0.47,-0.88,-0.10,0.88,0.47,0.03,0.02,-0.11,0.99,1

19.46,0.17,0.15,-9.58,0.00,0.00,0.00,0.96,-0.04,-9.53,0.46,-0.88,-0.11,0.89,0.46,0.03,0.03,-0.11,0.99,1

19.49,0.54,-0.48,-9.74,0.00,0.00,0.00,1.70,0.01,-9.62,0.45,-0.89,-0.11,0.89,0.45,0.03,0.02,-0.11,0.99,1

19.52,0.15,-0.13,-9.63,0.00,0.00,0.00,1.20,-0.18,-9.56,0.44,-0.89,-0.11,0.90,0.44,0.03,0.02,-0.11,0.99,1

19.56,0.13,0.08,-9.62,0.00,0.00,0.00,0.99,-0.10,-9.57,0.44,-0.89,-0.10,0.90,0.44,0.03,0.02,-0.11,0.99,1

19.59,0.18,-0.11,-9.66,0.00,0.00,0.00,1.18,-0.14,-9.59,0.44,-0.89,-0.10,0.90,0.44,0.03,0.02,-0.10,0.99,1

19.62,0.22,0.19,-9.63,0.00,0.00,0.00,0.91,0.03,-9.59,0.44,-0.89,-0.10,0.90,0.44,0.03,0.02,-0.10,0.99,1

19.66,0.17,0.04,-9.60,0.00,0.00,0.00,1.02,-0.08,-9.54,0.44,-0.89,-0.10,0.90,0.44,0.03,0.02,-0.10,0.99,1

19.69,0.17,0.04,-9.62,0.00,0.00,0.00,1.02,-0.08,-9.57,0.44,-0.89,-0.10,0.90,0.44,0.03,0.02,-0.10,0.99,1

19.72,0.14,-0.04,-9.62,0.00,0.00,0.00,1.06,-0.13,-9.56,0.45,-0.89,-0.10,0.90,0.45,0.03,0.02,-0.10,0.99,1

19.76,0.36,-0.17,-9.71,0.00,0.00,0.00,1.27,-0.01,-9.64,0.45,-0.89,-0.10,0.89,0.45,0.03,0.02,-0.10,0.99,1

19.79,0.15,0.08,-9.62,0.00,0.00,0.00,0.93,-0.08,-9.58,0.45,-0.89,-0.10,0.89,0.45,0.03,0.02,-0.10,0.99,1

19.82,0.14,0.08,-9.62,0.00,0.00,0.00,0.92,-0.08,-9.58,0.45,-0.89,-0.10,0.89,0.45,0.03,0.02,-0.10,0.99,1

19.85,0.21,0.03,-9.63,0.00,0.00,0.00,0.99,-0.05,-9.58,0.45,-0.89,-0.10,0.89,0.45,0.03,0.02,-0.10,1.00,1

19.89,0.16,0.06,-9.60,0.00,0.00,0.00,0.92,-0.08,-9.56,0.46,-0.88,-0.09,0.89,0.46,0.03,0.02,-0.10,1.00,1

19.92,0.14,0.07,-9.62,0.00,0.00,0.00,0.90,-0.09,-9.58,0.46,-0.88,-0.09,0.89,0.46,0.03,0.02,-0.09,1.00,1

19.95,0.17,0.01,-9.63,0.00,0.00,0.00,0.96,-0.09,-9.59,0.46,-0.88,-0.09,0.89,0.46,0.03,0.02,-0.09,1.00,1

19.99,0.17,0.05,-9.61,0.00,0.00,0.00,0.92,-0.07,-9.57,0.46,-0.88,-0.09,0.89,0.46,0.03,0.02,-0.09,1.00,1

20.02,0.16,0.06,-9.64,0.00,0.00,0.00,0.90,-0.07,-9.60,0.46,-0.88,-0.09,0.89,0.46,0.03,0.02,-0.09,1.00,1

20.05,0.20,0.06,-9.63,0.00,0.00,0.00,0.91,-0.04,-9.59,0.46,-0.88,-0.09,0.89,0.46,0.03,0.02,-0.09,1.00,1

20.09,0.19,0.03,-9.62,0.00,0.00,0.00,0.92,-0.06,-9.58,0.46,-0.88,-0.09,0.89,0.46,0.02,0.02,-0.09,1.00,1

20.12,0.12,0.05,-9.63,0.00,0.00,0.00,0.87,-0.10,-9.59,0.46,-0.88,-0.09,0.89,0.46,0.02,0.02,-0.09,1.00,1

20.15,0.17,0.12,-9.63,0.00,0.00,0.00,0.82,-0.03,-9.60,0.46,-0.88,-0.09,0.89,0.46,0.02,0.02,-0.09,1.00,1

20.18,0.19,0.06,-9.62,0.00,0.00,0.00,0.87,-0.04,-9.59,0.46,-0.88,-0.09,0.89,0.46,0.02,0.02,-0.09,1.00,1

20.22,0.15,0.06,-9.63,0.00,0.00,0.00,0.85,-0.08,-9.59,0.46,-0.88,-0.09,0.89,0.46,0.02,0.02,-0.09,1.00,1

20.25,0.16,0.05,-9.62,0.00,0.00,0.00,0.86,-0.07,-9.58,0.46,-0.88,-0.09,0.89,0.46,0.02,0.02,-0.09,1.00,1

20.28,0.16,0.06,-9.61,0.00,0.00,0.00,0.83,-0.06,-9.58,0.46,-0.88,-0.09,0.89,0.46,0.02,0.02,-0.09,1.00,1

20.32,0.16,0.05,-9.63,0.00,0.00,0.00,0.84,-0.06,-9.59,0.46,-0.88,-0.08,0.89,0.46,0.02,0.02,-0.09,1.00,1

20.35,0.17,0.06,-9.63,0.00,0.00,0.00,0.83,-0.05,-9.60,0.46,-0.88,-0.08,0.89,0.46,0.02,0.02,-0.08,1.00,1

20.38,0.23,0.04,-9.61,0.00,0.00,0.00,0.86,-0.01,-9.57,0.46,-0.88,-0.08,0.89,0.46,0.02,0.02,-0.08,1.00,1

20.42,0.14,0.05,-9.62,0.00,0.00,0.00,0.80,-0.08,-9.59,0.46,-0.88,-0.08,0.89,0.46,0.02,0.02,-0.08,1.00,1

20.45,0.17,0.07,-9.62,0.00,0.00,0.00,0.79,-0.05,-9.59,0.46,-0.88,-0.08,0.89,0.46,0.02,0.02,-0.08,1.00,1

20.48,0.15,0.06,-9.64,0.00,0.00,0.00,0.79,-0.06,-9.61,0.46,-0.88,-0.08,0.89,0.46,0.02,0.02,-0.08,1.00,1

