
0.00,0.29,0.02,-9.73,0.29,0.02,-9.73,0.29,0.02,-9.73,1.00,0.00,-0.00,-0.00,1.00,0.00,0.00,-0.00,1.00,1

0.03,0.27,0.01,-9.74,0.26,0.02,-9.74,0.26,0.02,-9.74,1.00,0.00,-0.00,-0.00,1.00,0.00,0.00,-0.00,1.00,1

0.07,0.27,0.01,-9.72,0.26,0.03,-9.72,0.26,0.03,-9.72,1.00,0.00,-0.00,-0.00,1.00,0.00,0.00,-0.00,1.00,1

0.10,0.27,0.01,-9.74,0.26,0.03,-9.74,0.26,0.03,-9.74,1.00,0.00,-0.00,-0.00,1.00,0.00,0.00,-0.00,1.00,1

0.13,0.28,0.02,-9.74,0.27,0.05,-9.74,0.27,0.05,-9.74,1.00,0.00,-0.00,-0.00,1.00,0.00,0.00,-0.00,1.00,1

0.17,0.27,0.01,-9.73,0.26,0.04,-9.73,0.26,0.04,-9.73,1.00,0.00,-0.00,-0.00,1.00,0.00,0.00,-0.00,1.00,1

0.20,0.29,0.01,-9.73,0.28,0.05,-9.73,0.28,0.05,-9.73,1.00,0.00,-0.00,-0.00,1.00,0.00,0.00,-0.00,1.00,1

0.23,0.26,0.01,-9.73,0.25,0.06,-9.73,0.25,0.06,-9.73,1.00,0.00,-0.00,-0.00,1.00,0.01,0.00,-0.01,1.00,1

0.27,0.28,0.02,-9.75,0.27,0.08,-9.75,0.27,0.08,-9.75,1.00,0.00,-0.00,-0.00,1.00,0.01,0.00,-0.01,1.00,1

0.30,0.28,0.02,-9.73,0.26,0.09,-9.73,0.26,0.09,-9.73,1.00,0.00,-0.00,-0.00,1.00,0.01,0.00,-0.01,1.00,1

0.33,0.27,0.01,-9.74,0.26,0.09,-9.74,0.26,0.09,-9.74,1.00,0.00,-0.00,-0.00,1.00,0.01,0.00,-0.01,1.00,1

0.37,0.28,0.02,-9.75,0.26,0.10,-9.75,0.26,0.10,-9.75,1.00,0.00,-0.00,-0.00,1.00,0.01,0.00,-0.01,1.00,1

0.40,0.27,0.01,-9.74,0.25,0.10,-9.74,0.25,0.10,-9.74,1.00,0.00,-0.00,-0.00,1.00,0.01,0.00,-0.01,1.00,1

0.43,0.28,0.01,-9.74,0.26,0.10,-9.74,0.26,0.10,-9.74,1.00,0.00,-0.00,-0.00,1.00,0.01,0.00,-0.01,1.00,1

0.46,0.28,0.01,-9.76,0.26,0.12,-9.75,0.26,0.12,-9.75,1.00,0.00,-0.00,-0.00,1.00,0.01,0.00,-0.01,1.00,1

0.50,0.25,0.01,-9.75,0.23,0.12,-9.75,0.23,0.12,-9.75,1.00,0.00,-0.00,-0.00,1.00,0.01,0.00,-0.01,1.00,1

0.53,0.27,0.01,-9.74,0.24,0.13,-9.74,0.24,0.13,-9.74,1.00,0.00,-0.00,-0.00,1.00,0.01,0.00,-0.01,1.00,1

0.56,0.29,0.01,-9.74,0.26,0.13,-9.74,0.26,0.13,-9.74,1.00,0.00,-0.00,-0.00,1.00,0.01,0.00,-0.01,1.00,1

0.60,0.27,0.03,-9.73,0.24,0.16,-9.73,0.24,0.16,-9.73,1.00,0.00,-0.00,-0.00,1.00,0.01,0.00,-0.01,1.00,1

0.63,0.27,0.01,-9.73,0.25,0.15,-9.73,0.25,0.15,-9.73,1.00,0.01,-0.00,-0.01,1.00,0.01,0.00,-0.01,1.00,1

0.66,0.28,0.01,-9.73,0.25,0.15,-9.73,0.25,0.15,-9.73,1.00,0.01,-0.00,-0.01,1.00,0.01,0.00,-0.01,1.00,1

0.69,0.28,0.01,-9.75,0.25,0.16,-9.74,0.25,0.16,-9.74,1.00,0.01,-0.00,-0.01,1.00,0.02,0.00,-0.02,1.00,1

0.73,0.27,0.03,-9.74,0.24,0.18,-9.74,0.24,0.18,-9.74,1.00,0.01,-0.00,-0.01,1.00,0.02,0.00,-0.02,1.00,1

0.76,0.27,0.03,-9.72,0.24,0.20,-9.72,0.24,0.20,-9.72,1.00,0.01,-0.00,-0.01,1.00,0.02,0.00,-0.02,1.00,1

0.79,0.29,0.01,-9.74,0.26,0.18,-9.74,0.26,0.18,-9.74,1.00,0.01,-0.00,-0.01,1.00,0.02,0.00,-0.02,1.00,1

0.83,0.30,0.01,-9.73,0.26,0.19,-9.73,0.26,0.19,-9.73,1.00,0.01,-0.00,-0.01,1.00,0.02,0.00,-0.02,1.00,1

0.86,0.27,0.02,-9.74,0.24,0.21,-9.74,0.24,0.21,-9.74,1.00,0.01,-0.00,-0.01,1.00,0.02,0.00,-0.02,1.00,1

0.89,0.31,0.01,-9.73,0.28,0.21,-9.73,0.28,0.21,-9.73,1.00,0.01,-0.00,-0.01,1.00,0.02,0.00,-0.02,1.00,1

0.93,0.28,0.01,-9.73,0.25,0.21,-9.73,0.25,0.21,-9.73,1.00,0.01,-0.00,-0.01,1.00,0.02,0.00,-0.02,1.00,1

0.96,0.28,0.02,-9.75,0.24,0.23,-9.75,0.24,0.23,-9.75,1.00,0.01,-0.00,-0.01,1.00,0.02,0.00,-0.02,1.00,1

0.99,0.33,0.01,-9.72,0.29,0.23,-9.72,0.29,0.23,-9.72,1.00,0.01,-0.00,-0.01,1.00,0.02,0.00,-0.02,1.00,1

1.02,0.31,0.00,-9.72,0.27,0.22,-9.72,0.27,0.22,-9.72,1.00,0.01,-0.00,-0.01,1.00,0.02,0.00,-0.02,1.00,1

1.06,0.27,0.01,-9.76,0.23,0.24,-9.76,0.23,0.24,-9.76,1.00,0.01,-0.00,-0.01,1.00,0.02,0.00,-0.02,1.00,1

1.09,0.27,0.01,-9.74,0.23,0.24,-9.74,0.23,0.24,-9.74,1.00,0.01,-0.00,-0.01,1.00,0.02,0.00,-0.02,1.00,1

1.12,0.30,0.02,-9.72,0.26,0.26,-9.72,0.26,0.26,-9.72,1.00,0.01,-0.00,-0.01,1.00,0.02,0.00,-0.02,1.00,1

1.16,0.33,0.02,-9.74,0.28,0.27,-9.74,0.28,0.27,-9.74,1.00,0.01,-0.00,-0.01,1.00,0.03,0.00,-0.03,1.00,1

1.19,0.26,0.01,-9.72,0.21,0.27,-9.72,0.21,0.27,-9.72,1.00,0.01,-0.00,-0.01,1.00,0.03,0.01,-0.03,1.00,1

1.22,0.26,0.02,-9.72,0.21,0.28,-9.71,0.21,0.28,-9.71,1.00,0.01,-0.01,-0.01,1.00,0.03,0.01,-0.03,1.00,1

1.25,0.35,0.01,-9.75,0.29,0.28,-9.74,0.29,0.28,-9.74,1.00,0.01,-0.01,-0.01,1.00,0.03,0.01,-0.03,1.00,1

1.29,0.34,0.02,-9.75,0.28,0.29,-9.74,0.28,0.29,-9.74,1.00,0.01,-0.01,-0.01,1.00,0.03,0.01,-0.03,1.00,1

1.32,0.24,0.01,-9.73,0.19,0.29,-9.73,0.19,0.29,-9.73,1.00,0.01,-0.01,-0.01,1.00,0.03,0.01,-0.03,1.00,1

1.35,0.31,0.03,-9.73,0.25,0.32,-9.73,0.25,0.32,-9.73,1.00,0.01,-0.01,-0.01,1.00,0.03,0.01,-0.03,1.00,1

1.39,0.32,0.02,-9.73,0.26,0.31,-9.73,0.26,0.31,-9.73,1.00,0.01,-0.01,-0.01,1.00,0.03,0.01,-0.03,1.00,1

1.42,0.26,0.02,-9.73,0.20,0.33,-9.72,0.20,0.33,-9.72,1.00,0.01,-0.01,-0.01,1.00,0.03,0.01,-0.03,1.00,1

1.45,0.28,0.02,-9.74,0.22,0.33,-9.73,0.22,0.33,-9.73,1.00,0.01,-0.01,-0.01,1.00,0.03,0.01,-0.03,1.00,1

1.49,0.33,0.01,-9.74,0.27,0.33,-9.74,0.27,0.33,-9.74,1.00,0.01,-0.01,-0.01,1.00,0.03,0.01,-0.03,1.00,1

1.52,0.29,0.02,-9.73,0.22,0.35,-9.73,0.22,0.35,-9.73,1.00,0.01,-0.01,-0.01,1.00,0.03,0.01,-0.03,1.00,1

1.55,0.26,0.02,-9.72,0.20,0.35,-9.71,0.20,0.35,-9.71,1.00,0.01,-0.01,-0.01,1.00,0.03,0.01,-0.03,1.00,1

1.59,0.30,0.02,-9.74,0.23,0.36,-9.74,0.23,0.36,-9.74,1.00,0.01,-0.01,-0.01,1.00,0.03,0.01,-0.03,1.00,1

1.62,0.31,0.01,-9.73,0.23,0.35,-9.73,0.23,0.35,-9.73,1.00,0.01,-0.01,-0.01,1.00,0.04,0.01,-0.04,1.00,1

1.65,0.28,0.01,-9.73,0.21,0.36,-9.73,0.21,0.36,-9.73,1.00,0.01,-0.01,-0.01,1.00,0.04,0.01,-0.04,1.00,1

1.68,0.29,0.01,-9.72,0.22,0.37,-9.72,0.22,0.37,-9.72,1.00,0.01,-0.01,-0.01,1.00,0.04,0.01,-0.04,1.00,1

1.72,0.31,0.03,-9.73,0.24,0.39,-9.73,0.24,0.39,-9.73,1.00,0.01,-0.01,-0.01,1.00,0.04,0.01,-0.04,1.00,1

1.75,0.30,0.02,-9.72,0.22,0.39,-9.71,0.22,0.39,-9.71,1.00,0.01,-0.01,-0.01,1.00,0.04,0.01,-0.04,1.00,1

1.78,0.28,0.02,-9.74,0.20,0.40,-9.74,0.20,0.40,-9.74,1.00,0.01,-0.01,-0.01,1.00,0.04,0.01,-0.04,1.00,1

1.82,0.28,0.02,-9.74,0.20,0.41,-9.73,0.20,0.41,-9.73,1.00,0.01,-0.01,-0.01,1.00,0.04,0.01,-0.04,1.00,1

1.85,0.30,0.00,-9.74,0.22,0.40,-9.73,0.22,0.40,-9.73,1.00,0.01,-0.01,-0.01,1.00,0.04,0.01,-0.04,1.00,1

1.88,0.31,0.02,-9.73,0.22,0.42,-9.73,0.22,0.42,-9.73,1.00,0.01,-0.01,-0.01,1.00,0.04,0.01,-0.04,1.00,1

1.92,0.28,0.02,-9.72,0.20,0.43,-9.72,0.20,0.43,-9.72,1.00,0.01,-0.01,-0.01,1.00,0.04,0.01,-0.04,1.00,1

1.95,0.28,0.03,-9.72,0.19,0.44,-9.71,0.19,0.44,-9.71,1.00,0.02,-0.01,-0.01,1.00,0.04,0.01,-0.04,1.00,1

1.98,0.31,0.01,-9.74,0.22,0.43,-9.73,0.22,0.43,-9.73,1.00,0.02,-0.01,-0.01,1.00,0.04,0.01,-0.04,1.00,1

2.02,0.31,0.03,-9.73,0.21,0.46,-9.72,0.21,0.46,-9.72,1.00,0.02,-0.01,-0.02,1.00,0.04,0.01,-0.04,1.00,1

2.05,0.28,0.01,-9.73,0.19,0.45,-9.72,0.19,0.45,-9.72,1.00,0.02,-0.01,-0.02,1.00,0.04,0.01,-0.04,1.00,1

2.08,0.29,0.01,-9.74,0.20,0.46,-9.73,0.20,0.46,-9.73,1.00,0.02,-0.01,-0.02,1.00,0.05,0.01,-0.05,1.00,1

2.11,0.31,0.01,-9.73,0.21,0.47,-9.72,0.21,0.47,-9.72,1.00,0.02,-0.01,-0.02,1.00,0.05,0.01,-0.05,1.00,1

2.15,0.27,0.01,-9.74,0.18,0.47,-9.73,0.18,0.47,-9.73,1.00,0.02,-0.01,-0.02,1.00,0.05,0.01,-0.05,1.00,1

2.18,0.30,0.02,-9.73,0.20,0.49,-9.72,0.20,0.49,-9.72,1.00,0.02,-0.01,-0.02,1.00,0.05,0.01,-0.05,1.00,1

2.21,0.31,0.03,-9.73,0.21,0.51,-9.72,0.21,0.51,-9.72,1.00,0.02,-0.01,-0.02,1.00,0.05,0.01,-0.05,1.00,1

2.25,0.29,0.01,-9.74,0.19,0.49,-9.73,0.19,0.49,-9.73,1.00,0.02,-0.01,-0.02,1.00,0.05,0.01,-0.05,1.00,1

2.28,0.29,0.03,-9.74,0.18,0.51,-9.72,0.18,0.51,-9.72,1.00,0.02,-0.01,-0.02,1.00,0.05,0.01,-0.05,1.00,1

2.31,0.30,0.01,-9.74,0.20,0.51,-9.73,0.20,0.51,-9.73,1.00,0.02,-0.01,-0.02,1.00,0.05,0.01,-0.05,1.00,1

2.34,0.29,0.02,-9.72,0.19,0.52,-9.71,0.19,0.52,-9.71,1.00,0.02,-0.01,-0.02,1.00,0.05,0.01,-0.05,1.00,1

2.38,0.28,0.02,-9.75,0.17,0.53,-9.73,0.17,0.53,-9.73,1.00,0.02,-0.01,-0.02,1.00,0.05,0.01,-0.05,1.00,1

2.41,0.29,0.02,-9.73,0.17,0.54,-9.72,0.17,0.54,-9.72,1.00,0.02,-0.01,-0.02,1.00,0.05,0.01,-0.05,1.00,1

2.44,0.30,0.01,-9.73,0.19,0.53,-9.72,0.19,0.53,-9.72,1.00,0.02,-0.01,-0.02,1.00,0.05,0.01,-0.05,1.00,1

2.48,0.31,0.02,-9.72,0.19,0.55,-9.71,0.19,0.55,-9.71,1.00,0.02,-0.01,-0.02,1.00,0.05,0.01,-0.05,1.00,1

2.51,0.27,0.01,-9.73,0.16,0.55,-9.72,0.16,0.55,-9.72,1.00,0.02,-0.01,-0.02,1.00,0.05,0.01,-0.05,1.00,1

2.54,0.27,0.01,-9.73,0.16,0.55,-9.71,0.16,0.55,-9.71,1.00,0.02,-0.01,-0.02,1.00,0.06,0.01,-0.06,1.00,1

2.58,0.32,0.02,-9.72,0.20,0.57,-9.71,0.20,0.57,-9.71,1.00,0.02,-0.01,-0.02,1.00,0.06,0.01,-0.06,1.00,1

2.61,0.32,0.01,-9.73,0.20,0.57,-9.71,0.20,0.57,-9.71,1.00,0.02,-0.01,-0.02,1.00,0.06,0.01,-0.06,1.00,1

2.64,0.27,0.03,-9.73,0.15,0.59,-9.72,0.15,0.59,-9.72,1.00,0.02,-0.01,-0.02,1.00,0.06,0.01,-0.06,1.00,1

2.67,0.29,0.02,-9.74,0.17,0.59,-9.72,0.17,0.59,-9.72,1.00,0.02,-0.01,-0.02,1.00,0.06,0.01,-0.06,1.00,1

2.71,0.31,0.01,-9.72,0.18,0.59,-9.70,0.18,0.59,-9.70,1.00,0.02,-0.01,-0.02,1.00,0.06,0.01,-0.06,1.00,1

2.74,0.28,0.01,-9.74,0.16,0.60,-9.73,0.16,0.60,-9.73,1.00,0.02,-0.01,-0.02,1.00,0.06,0.01,-0.06,1.00,1

2.77,0.31,0.02,-9.73,0.18,0.61,-9.71,0.18,0.61,-9.71,1.00,0.02,-0.01,-0.02,1.00,0.06,0.01,-0.06,1.00,1

2.81,0.29,0.01,-9.72,0.16,0.61,-9.71,0.16,0.61,-9.71,1.00,0.02,-0.01,-0.02,1.00,0.06,0.01,-0.06,1.00,1

2.84,0.28,0.02,-9.73,0.15,0.63,-9.72,0.15,0.63,-9.72,1.00,0.02,-0.01,-0.02,1.00,0.06,0.01,-0.06,1.00,1

2.87,0.31,0.01,-9.72,0.17,0.62,-9.71,0.17,0.62,-9.71,1.00,0.02,-0.01,-0.02,1.00,0.06,0.01,-0.06,1.00,1

2.90,0.31,0.01,-9.73,0.17,0.63,-9.71,0.17,0.63,-9.71,1.00,0.02,-0.01,-0.02,1.00,0.06,0.01,-0.06,1.00,1

2.94,0.30,0.02,-9.71,0.16,0.65,-9.69,0.16,0.65,-9.69,1.00,0.02,-0.01,-0.02,1.00,0.06,0.01,-0.06,1.00,1

2.97,0.29,0.01,-9.73,0.15,0.65,-9.71,0.15,0.65,-9.71,1.00,0.02,-0.01,-0.02,1.00,0.06,0.01,-0.06,1.00,1

3.00,0.30,0.02,-9.73,0.16,0.66,-9.71,0.16,0.66,-9.71,1.00,0.02,-0.01,-0.02,1.00,0.07,0.01,-0.07,1.00,1

3.04,0.29,0.01,-9.72,0.14,0.66,-9.70,0.14,0.66,-9.70,1.00,0.02,-0.01,-0.02,1.00,0.07,0.01,-0.07,1.00,1

3.07,0.30,0.03,-9.73,0.15,0.68,-9.71,0.15,0.68,-9.71,1.00,0.02,-0.01,-0.02,1.00,0.07,0.02,-0.07,1.00,1

3.10,0.30,0.03,-9.73,0.15,0.69,-9.71,0.15,0.69,-9.71,1.00,0.02,-0.01,-0.02,1.00,0.07,0.02,-0.07,1.00,1

3.14,0.28,0.02,-9.72,0.13,0.68,-9.70,0.13,0.68,-9.70,1.00,0.02,-0.01,-0.02,1.00,0.07,0.02,-0.07,1.00,1

3.17,0.31,0.01,-9.72,0.16,0.69,-9.70,0.16,0.69,-9.70,1.00,0.02,-0.01,-0.02,1.00,0.07,0.02,-0.07,1.00,1

3.20,0.29,0.03,-9.72,0.14,0.71,-9.70,0.14,0.71,-9.70,1.00,0.03,-0.01,-0.02,1.00,0.07,0.02,-0.07,1.00,1

3.24,0.28,0.02,-9.71,0.13,0.70,-9.69,0.13,0.70,-9.69,1.00,0.03,-0.01,-0.02,1.00,0.07,0.02,-0.07,1.00,1

3.27,0.31,0.02,-9.73,0.15,0.71,-9.71,0.15,0.71,-9.71,1.00,0.03,-0.01,-0.02,1.00,0.07,0.02,-0.07,1.00,1

3.30,0.31,0.01,-9.72,0.15,0.72,-9.70,0.15,0.72,-9.70,1.00,0.03,-0.01,-0.02,1.00,0.07,0.02,-0.07,1.00,1

3.33,0.27,0.02,-9.73,0.11,0.73,-9.70,0.11,0.73,-9.70,1.00,0.03,-0.01,-0.02,1.00,0.07,0.02,-0.07,1.00,1

3.37,0.28,0.02,-9.72,0.12,0.73,-9.69,0.12,0.73,-9.69,1.00,0.03,-0.01,-0.03,1.00,0.07,0.02,-0.07,1.00,1

3.40,0.31,0.03,-9.72,0.15,0.75,-9.70,0.15,0.75,-9.70,1.00,0.03,-0.01,-0.03,1.00,0.07,0.02,-0.07,1.00,1

3.43,0.30,0.02,-9.72,0.13,0.75,-9.69,0.13,0.75,-9.69,1.00,0.03,-0.01,-0.03,1.00,0.07,0.02,-0.07,1.00,1

3.47,0.28,0.02,-9.71,0.11,0.76,-9.68,0.11,0.76,-9.68,1.00,0.03,-0.01,-0.03,1.00,0.08,0.02,-0.08,1.00,1

3.50,0.31,0.02,-9.73,0.14,0.77,-9.71,0.14,0.77,-9.71,1.00,0.03,-0.02,-0.03,1.00,0.08,0.02,-0.08,1.00,1

3.53,0.30,0.01,-9.71,0.14,0.76,-9.69,0.14,0.76,-9.69,1.00,0.03,-0.02,-0.03,1.00,0.08,0.02,-0.08,1.00,1

3.57,0.27,0.02,-9.73,0.10,0.78,-9.70,0.10,0.78,-9.70,1.00,0.03,-0.02,-0.03,1.00,0.08,0.02,-0.08,1.00,1

3.60,0.31,0.01,-9.73,0.14,0.78,-9.70,0.14,0.78,-9.70,1.00,0.03,-0.02,-0.03,1.00,0.08,0.02,-0.08,1.00,1

3.63,0.31,0.03,-9.71,0.14,0.80,-9.68,0.14,0.80,-9.68,1.00,0.03,-0.02,-0.03,1.00,0.08,0.02,-0.08,1.00,1

3.66,0.27,0.01,-9.72,0.09,0.79,-9.69,0.09,0.79,-9.69,1.00,0.03,-0.02,-0.03,1.00,0.08,0.02,-0.08,1.00,1

3.70,0.30,0.01,-9.73,0.12,0.80,-9.70,0.12,0.80,-9.70,1.00,0.03,-0.02,-0.03,1.00,0.08,0.02,-0.08,1.00,1

3.73,0.31,0.02,-9.71,0.13,0.82,-9.68,0.13,0.82,-9.68,1.00,0.03,-0.02,-0.03,1.00,0.08,0.02,-0.08,1.00,1

3.76,0.27,0.01,-9.73,0.09,0.81,-9.70,0.09,0.81,-9.70,1.00,0.03,-0.02,-0.03,1.00,0.08,0.02,-0.08,1.00,1

3.80,0.30,0.02,-9.72,0.11,0.83,-9.69,0.11,0.83,-9.69,1.00,0.03,-0.02,-0.03,1.00,0.08,0.02,-0.08,1.00,1

3.83,0.30,0.01,-9.72,0.12,0.83,-9.68,0.12,0.83,-9.68,1.00,0.03,-0.02,-0.03,1.00,0.08,0.02,-0.08,1.00,1

3.86,0.27,0.02,-9.74,0.09,0.84,-9.70,0.09,0.84,-9.70,1.00,0.03,-0.02,-0.03,1.00,0.08,0.02,-0.08,1.00,1

3.89,0.30,0.02,-9.73,0.11,0.85,-9.69,0.11,0.85,-9.69,1.00,0.03,-0.02,-0.03,1.00,0.08,0.02,-0.08,1.00,1

3.93,0.31,0.01,-9.74,0.12,0.84,-9.71,0.12,0.84,-9.71,1.00,0.03,-0.02,-0.03,1.00,0.09,0.02,-0.08,1.00,1

3.96,0.27,0.03,-9.72,0.08,0.86,-9.68,0.08,0.86,-9.68,1.00,0.03,-0.02,-0.03,1.00,0.09,0.02,-0.09,1.00,1

3.99,0.29,0.01,-9.72,0.10,0.86,-9.69,0.10,0.86,-9.69,1.00,0.03,-0.02,-0.03,1.00,0.09,0.02,-0.09,1.00,1

4.03,0.31,0.02,-9.74,0.11,0.87,-9.70,0.11,0.87,-9.70,1.00,0.03,-0.02,-0.03,1.00,0.09,0.02,-0.09,1.00,1

4.06,0.29,0.01,-9.73,0.09,0.88,-9.70,0.09,0.88,-9.70,1.00,0.03,-0.02,-0.03,1.00,0.09,0.02,-0.09,1.00,1

4.09,0.30,0.03,-9.71,0.10,0.90,-9.68,0.10,0.90,-9.68,1.00,0.03,-0.02,-0.03,1.00,0.09,0.02,-0.09,1.00,1

4.13,0.29,0.00,-9.73,0.09,0.88,-9.70,0.09,0.88,-9.70,1.00,0.03,-0.02,-0.03,1.00,0.09,0.02,-0.09,1.00,1

4.16,0.28,0.02,-9.72,0.08,0.90,-9.68,0.08,0.90,-9.68,1.00,0.03,-0.02,-0.03,1.00,0.09,0.02,-0.09,1.00,1

4.19,0.32,0.02,-9.72,0.11,0.90,-9.68,0.11,0.90,-9.68,1.00,0.03,-0.02,-0.03,1.00,0.09,0.02,-0.09,1.00,1

4.22,0.26,0.01,-9.72,0.05,0.90,-9.68,0.05,0.90,-9.68,1.00,0.03,-0.02,-0.03,1.00,0.09,0.02,-0.09,1.00,1

4.26,0.30,0.01,-9.74,0.09,0.91,-9.70,0.09,0.91,-9.70,1.00,0.03,-0.02,-0.03,1.00,0.09,0.02,-0.09,1.00,1

4.29,0.33,0.02,-9.72,0.12,0.93,-9.68,0.12,0.93,-9.68,1.00,0.03,-0.02,-0.03,1.00,0.09,0.02,-0.09,1.00,1

4.32,0.25,0.01,-9.71,0.04,0.93,-9.67,0.04,0.93,-9.67,1.00,0.03,-0.02,-0.03,1.00,0.09,0.02,-0.09,1.00,1

4.36,0.28,0.01,-9.73,0.06,0.94,-9.69,0.06,0.94,-9.69,1.00,0.03,-0.02,-0.03,1.00,0.09,0.02,-0.09,1.00,1

4.39,0.32,0.02,-9.73,0.11,0.96,-9.69,0.11,0.96,-9.69,1.00,0.03,-0.02,-0.03,0.99,0.10,0.02,-0.09,1.00,1

4.42,0.29,0.01,-9.71,0.07,0.94,-9.67,0.07,0.94,-9.67,1.00,0.03,-0.02,-0.03,0.99,0.10,0.02,-0.10,1.00,1

4.46,0.27,0.01,-9.71,0.05,0.96,-9.67,0.05,0.96,-9.67,1.00,0.03,-0.02,-0.03,0.99,0.10,0.02,-0.10,1.00,1

4.49,0.31,0.02,-9.72,0.08,0.97,-9.67,0.08,0.97,-9.67,1.00,0.03,-0.02,-0.03,0.99,0.10,0.02,-0.10,1.00,1

4.52,0.30,0.01,-9.72,0.08,0.97,-9.68,0.08,0.97,-9.68,1.00,0.04,-0.02,-0.03,0.99,0.10,0.02,-0.10,0.99,1

4.55,0.28,0.03,-9.72,0.06,0.99,-9.67,0.06,0.99,-9.67,1.00,0.04,-0.02,-0.03,0.99,0.10,0.02,-0.10,0.99,1

4.59,0.30,0.02,-9.71,0.07,0.99,-9.66,0.07,0.99,-9.66,1.00,0.04,-0.02,-0.03,0.99,0.10,0.02,-0.10,0.99,1

4.62,0.29,0.02,-9.73,0.06,1.00,-9.68,0.06,1.00,-9.68,1.00,0.04,-0.02,-0.03,0.99,0.10,0.02,-0.10,0.99,1

4.65,0.26,0.03,-9.71,0.03,1.02,-9.66,0.03,1.02,-9.66,1.00,0.04,-0.02,-0.03,0.99,0.10,0.02,-0.10,0.99,1

4.69,0.32,0.02,-9.72,0.09,1.01,-9.67,0.09,1.01,-9.67,1.00,0.04,-0.02,-0.04,0.99,0.10,0.02,-0.10,0.99,1

4.72,0.31,0.02,-9.72,0.08,1.02,-9.67,0.08,1.02,-9.67,1.00,0.04,-0.02,-0.04,0.99,0.10,0.02,-0.10,0.99,1

4.75,0.30,0.03,-9.72,0.07,1.03,-9.67,0.07,1.03,-9.67,1.00,0.04,-0.02,-0.04,0.99,0.10,0.02,-0.10,0.99,1

4.79,0.28,0.01,-9.73,0.04,1.03,-9.68,0.04,1.03,-9.68,1.00,0.04,-0.02,-0.04,0.99,0.10,0.02,-0.10,0.99,1

4.82,0.28,0.03,-9.73,0.04,1.05,-9.67,0.04,1.05,-9.67,1.00,0.04,-0.02,-0.04,0.99,0.10,0.02,-0.10,0.99,1

4.85,0.31,0.02,-9.72,0.06,1.04,-9.66,0.06,1.04,-9.66,1.00,0.04,-0.02,-0.04,0.99,0.11,0.02,-0.10,0.99,1

4.89,0.28,0.02,-9.72,0.04,1.05,-9.67,0.04,1.05,-9.67,1.00,0.04,-0.02,-0.04,0.99,0.11,0.02,-0.11,0.99,1

4.92,0.27,0.01,-9.73,0.02,1.05,-9.68,0.02,1.05,-9.68,1.00,0.04,-0.02,-0.04,0.99,0.11,0.02,-0.11,0.99,1

4.95,0.31,0.02,-9.71,0.07,1.07,-9.66,0.07,1.07,-9.66,1.00,0.04,-0.02,-0.04,0.99,0.11,0.03,-0.11,0.99,1

4.98,0.30,0.01,-9.73,0.05,1.07,-9.67,0.05,1.07,-9.67,1.00,0.04,-0.02,-0.04,0.99,0.11,0.03,-0.11,0.99,1

5.02,0.27,0.03,-9.72,0.02,1.09,-9.67,0.02,1.09,-9.67,1.00,0.04,-0.02,-0.04,0.99,0.11,0.03,-0.11,0.99,1

5.05,0.28,0.01,-9.72,0.03,1.08,-9.66,0.03,1.08,-9.66,1.00,0.04,-0.02,-0.04,0.99,0.11,0.03,-0.11,0.99,1

5.08,0.30,0.02,-9.73,0.05,1.10,-9.68,0.05,1.10,-9.68,1.00,0.04,-0.02,-0.04,0.99,0.11,0.03,-0.11,0.99,1

5.12,0.28,0.02,-9.71,0.03,1.10,-9.65,0.03,1.10,-9.65,1.00,0.04,-0.02,-0.04,0.99,0.11,0.03,-0.11,0.99,1

5.15,0.28,0.02,-9.72,0.02,1.11,-9.66,0.02,1.11,-9.66,1.00,0.04,-0.02,-0.04,0.99,0.11,0.03,-0.11,0.99,1

5.18,0.30,0.02,-9.72,0.04,1.12,-9.66,0.04,1.12,-9.66,1.00,0.04,-0.02,-0.04,0.99,0.11,0.03,-0.11,0.99,1

5.21,0.30,0.02,-9.71,0.04,1.12,-9.65,0.04,1.12,-9.65,1.00,0.04,-0.02,-0.04,0.99,0.11,0.03,-0.11,0.99,1

5.25,0.27,0.02,-9.72,0.01,1.13,-9.66,0.01,1.13,-9.66,1.00,0.04,-0.02,-0.04,0.99,0.11,0.03,-0.11,0.99,1

5.28,0.28,0.02,-9.73,0.02,1.13,-9.66,0.02,1.13,-9.66,1.00,0.04,-0.02,-0.04,0.99,0.11,0.03,-0.11,0.99,1

5.31,0.31,0.01,-9.72,0.04,1.14,-9.66,0.04,1.14,-9.66,1.00,0.04,-0.02,-0.04,0.99,0.12,0.03,-0.11,0.99,1

5.35,0.29,0.01,-9.73,0.02,1.14,-9.67,0.02,1.14,-9.67,1.00,0.04,-0.02,-0.04,0.99,0.12,0.03,-0.11,0.99,1

5.38,0.29,0.02,-9.72,0.02,1.15,-9.66,0.02,1.15,-9.66,1.00,0.04,-0.02,-0.04,0.99,0.12,0.03,-0.12,0.99,1

5.41,0.28,0.03,-9.71,0.01,1.17,-9.65,0.01,1.17,-9.65,1.00,0.04,-0.02,-0.04,0.99,0.12,0.03,-0.12,0.99,1

5.44,0.29,0.01,-9.73,0.01,1.16,-9.66,0.01,1.16,-9.66,1.00,0.04,-0.02,-0.04,0.99,0.12,0.03,-0.12,0.99,1

5.48,0.29,0.03,-9.73,0.02,1.19,-9.66,0.02,1.19,-9.66,1.00,0.04,-0.02,-0.04,0.99,0.12,0.03,-0.12,0.99,1

5.51,0.28,0.02,-9.73,-0.01,1.18,-9.66,-0.01,1.18,-9.66,1.00,0.04,-0.02,-0.04,0.99,0.12,0.03,-0.12,0.99,1

5.54,0.29,0.01,-9.73,0.00,1.18,-9.66,0.00,1.18,-9.66,1.00,0.04,-0.02,-0.04,0.99,0.12,0.03,-0.12,0.99,1

5.58,0.30,0.03,-9.72,0.02,1.21,-9.65,0.02,1.21,-9.65,1.00,0.04,-0.02,-0.04,0.99,0.12,0.03,-0.12,0.99,1

5.61,0.30,0.02,-9.72,0.01,1.20,-9.65,0.01,1.20,-9.65,1.00,0.04,-0.02,-0.04,0.99,0.12,0.03,-0.12,0.99,1

5.64,0.30,0.02,-9.74,0.02,1.21,-9.67,0.02,1.21,-9.67,1.00,0.05,-0.02,-0.04,0.99,0.12,0.03,-0.12,0.99,1

5.68,0.28,0.03,-9.72,-0.01,1.22,-9.64,-0.01,1.22,-9.64,1.00,0.05,-0.02,-0.04,0.99,0.12,0.03,-0.12,0.99,1

5.71,0.29,0.02,-9.72,0.00,1.22,-9.65,0.00,1.22,-9.65,1.00,0.05,-0.02,-0.04,0.99,0.12,0.03,-0.12,0.99,1

5.74,0.31,0.02,-9.73,0.02,1.23,-9.66,0.02,1.23,-9.66,1.00,0.05,-0.02,-0.04,0.99,0.12,0.03,-0.12,0.99,1

5.77,0.29,0.01,-9.73,-0.00,1.23,-9.66,-0.00,1.23,-9.66,1.00,0.05,-0.02,-0.04,0.99,0.13,0.03,-0.12,0.99,1

5.81,0.28,0.01,-9.72,-0.01,1.24,-9.64,-0.01,1.24,-9.64,1.00,0.05,-0.02,-0.04,0.99,0.13,0.03,-0.12,0.99,1

5.84,0.30,0.02,-9.72,-0.00,1.25,-9.65,-0.00,1.25,-9.65,1.00,0.05,-0.02,-0.04,0.99,0.13,0.03,-0.13,0.99,1

5.87,0.29,0.02,-9.72,-0.01,1.26,-9.64,-0.01,1.26,-9.64,1.00,0.05,-0.02,-0.04,0.99,0.13,0.03,-0.13,0.99,1

5.91,0.29,0.01,-9.71,-0.01,1.26,-9.64,-0.01,1.26,-9.64,1.00,0.05,-0.03,-0.04,0.99,0.13,0.03,-0.13,0.99,1

5.94,0.29,0.02,-9.72,-0.02,1.27,-9.64,-0.02,1.27,-9.64,1.00,0.05,-0.03,-0.04,0.99,0.13,0.03,-0.13,0.99,1

5.97,0.29,0.02,-9.72,-0.01,1.28,-9.64,-0.01,1.28,-9.64,1.00,0.05,-0.03,-0.04,0.99,0.13,0.03,-0.13,0.99,1

6.01,0.30,0.01,-9.72,-0.00,1.27,-9.64,-0.00,1.27,-9.64,1.00,0.05,-0.03,-0.04,0.99,0.13,0.03,-0.13,0.99,1

6.04,0.29,0.02,-9.72,-0.01,1.29,-9.64,-0.01,1.29,-9.64,1.00,0.05,-0.03,-0.04,0.99,0.13,0.03,-0.13,0.99,1

6.07,0.30,0.02,-9.73,-0.01,1.30,-9.64,-0.01,1.30,-9.64,1.00,0.05,-0.03,-0.04,0.99,0.13,0.03,-0.13,0.99,1

6.11,0.28,0.02,-9.73,-0.03,1.30,-9.64,-0.03,1.30,-9.64,1.00,0.05,-0.03,-0.05,0.99,0.13,0.03,-0.13,0.99,1

6.14,0.30,0.02,-9.72,-0.02,1.31,-9.64,-0.02,1.31,-9.64,1.00,0.05,-0.03,-0.05,0.99,0.13,0.03,-0.13,0.99,1

6.17,0.30,0.01,-9.72,-0.01,1.31,-9.63,-0.01,1.31,-9.63,1.00,0.05,-0.03,-0.05,0.99,0.13,0.03,-0.13,0.99,1

6.20,0.30,0.01,-9.71,-0.01,1.32,-9.63,-0.01,1.32,-9.63,1.00,0.05,-0.03,-0.05,0.99,0.13,0.03,-0.13,0.99,1

6.24,0.27,0.02,-9.72,-0.05,1.33,-9.63,-0.05,1.33,-9.63,1.00,0.05,-0.03,-0.05,0.99,0.14,0.03,-0.13,0.99,1

6.27,0.29,0.01,-9.72,-0.03,1.33,-9.63,-0.03,1.33,-9.63,1.00,0.05,-0.03,-0.05,0.99,0.14,0.03,-0.13,0.99,1

6.30,0.30,0.03,-9.72,-0.02,1.35,-9.63,-0.02,1.35,-9.63,1.00,0.05,-0.03,-0.05,0.99,0.14,0.03,-0.13,0.99,1

6.34,0.28,0.03,-9.71,-0.05,1.36,-9.62,-0.05,1.36,-9.62,1.00,0.05,-0.03,-0.05,0.99,0.14,0.03,-0.14,0.99,1

6.37,0.29,0.01,-9.72,-0.04,1.36,-9.63,-0.04,1.36,-9.63,1.00,0.05,-0.03,-0.05,0.99,0.14,0.03,-0.14,0.99,1

6.40,0.32,0.02,-9.72,-0.01,1.36,-9.63,-0.01,1.36,-9.63,1.00,0.05,-0.03,-0.05,0.99,0.14,0.03,-0.14,0.99,1

6.43,0.30,0.01,-9.73,-0.03,1.37,-9.64,-0.03,1.37,-9.64,1.00,0.05,-0.03,-0.05,0.99,0.14,0.03,-0.14,0.99,1

6.47,0.27,0.03,-9.72,-0.07,1.39,-9.62,-0.07,1.39,-9.62,1.00,0.05,-0.03,-0.05,0.99,0.14,0.03,-0.14,0.99,1

6.50,0.30,0.02,-9.72,-0.03,1.39,-9.62,-0.03,1.39,-9.62,1.00,0.05,-0.03,-0.05,0.99,0.14,0.03,-0.14,0.99,1

6.53,0.30,0.01,-9.72,-0.03,1.39,-9.63,-0.03,1.39,-9.63,1.00,0.05,-0.03,-0.05,0.99,0.14,0.03,-0.14,0.99,1

6.57,0.28,0.02,-9.72,-0.05,1.40,-9.63,-0.05,1.40,-9.63,1.00,0.05,-0.03,-0.05,0.99,0.14,0.03,-0.14,0.99,1

6.60,0.28,0.01,-9.73,-0.06,1.40,-9.63,-0.06,1.40,-9.63,1.00,0.05,-0.03,-0.05,0.99,0.14,0.03,-0.14,0.99,1

6.63,0.29,0.02,-9.72,-0.05,1.41,-9.62,-0.05,1.41,-9.62,1.00,0.05,-0.03,-0.05,0.99,0.14,0.03,-0.14,0.99,1

6.67,0.30,0.01,-9.73,-0.04,1.42,-9.63,-0.04,1.42,-9.63,1.00,0.05,-0.03,-0.05,0.99,0.14,0.04,-0.14,0.99,1

6.70,0.30,0.02,-9.72,-0.04,1.43,-9.62,-0.04,1.43,-9.62,1.00,0.05,-0.03,-0.05,0.99,0.14,0.04,-0.14,0.99,1

6.73,0.27,0.03,-9.71,-0.08,1.44,-9.61,-0.08,1.44,-9.61,1.00,0.05,-0.03,-0.05,0.99,0.15,0.04,-0.14,0.99,1

6.76,0.28,0.02,-9.72,-0.06,1.45,-9.62,-0.06,1.45,-9.62,1.00,0.05,-0.03,-0.05,0.99,0.15,0.04,-0.14,0.99,1

6.80,0.31,0.03,-9.72,-0.04,1.45,-9.62,-0.04,1.45,-9.62,1.00,0.05,-0.03,-0.05,0.99,0.15,0.04,-0.15,0.99,1

6.83,0.28,0.01,-9.72,-0.08,1.45,-9.62,-0.08,1.45,-9.62,1.00,0.05,-0.03,-0.05,0.99,0.15,0.04,-0.15,0.99,1

6.86,0.28,0.01,-9.71,-0.07,1.45,-9.61,-0.07,1.45,-9.61,1.00,0.06,-0.03,-0.05,0.99,0.15,0.04,-0.15,0.99,1

6.90,0.33,0.03,-9.72,-0.03,1.48,-9.62,-0.03,1.48,-9.62,1.00,0.06,-0.03,-0.05,0.99,0.15,0.04,-0.15,0.99,1

6.93,0.27,0.01,-9.73,-0.09,1.47,-9.62,-0.09,1.47,-9.62,1.00,0.06,-0.03,-0.05,0.99,0.15,0.04,-0.15,0.99,1

6.96,0.26,0.02,-9.72,-0.11,1.48,-9.61,-0.11,1.48,-9.61,1.00,0.06,-0.03,-0.05,0.99,0.15,0.04,-0.15,0.99,1

7.00,0.30,0.01,-9.72,-0.06,1.48,-9.61,-0.06,1.48,-9.61,1.00,0.06,-0.03,-0.05,0.99,0.15,0.04,-0.15,0.99,1

7.03,0.30,0.01,-9.73,-0.06,1.49,-9.62,-0.06,1.49,-9.62,1.00,0.06,-0.03,-0.05,0.99,0.15,0.04,-0.15,0.99,1

7.06,0.28,0.02,-9.72,-0.08,1.51,-9.60,-0.08,1.51,-9.60,1.00,0.06,-0.03,-0.05,0.99,0.15,0.04,-0.15,0.99,1

7.10,0.28,0.02,-9.71,-0.09,1.50,-9.60,-0.09,1.50,-9.60,1.00,0.06,-0.03,-0.05,0.99,0.15,0.04,-0.15,0.99,1

7.13,0.30,0.01,-9.73,-0.07,1.51,-9.62,-0.07,1.51,-9.62,1.00,0.06,-0.03,-0.05,0.99,0.15,0.04,-0.15,0.99,1

7.16,0.32,0.02,-9.71,-0.05,1.53,-9.59,-0.05,1.53,-9.59,1.00,0.06,-0.03,-0.05,0.99,0.16,0.04,-0.15,0.99,1

7.19,0.29,0.02,-9.72,-0.08,1.53,-9.61,-0.08,1.53,-9.61,1.00,0.06,-0.03,-0.05,0.99,0.16,0.04,-0.15,0.99,1

7.23,0.28,0.02,-9.72,-0.10,1.54,-9.60,-0.10,1.54,-9.60,1.00,0.06,-0.03,-0.05,0.99,0.16,0.04,-0.15,0.99,1

7.26,0.28,0.02,-9.72,-0.10,1.54,-9.60,-0.10,1.54,-9.60,1.00,0.06,-0.03,-0.05,0.99,0.16,0.04,-0.16,0.99,1

7.29,0.28,0.03,-9.71,-0.10,1.56,-9.59,-0.10,1.56,-9.59,1.00,0.06,-0.03,-0.05,0.99,0.16,0.04,-0.16,0.99,1

7.33,0.29,0.02,-9.73,-0.09,1.56,-9.60,-0.09,1.56,-9.60,1.00,0.06,-0.03,-0.05,0.99,0.16,0.04,-0.16,0.99,1

7.36,0.29,0.01,-9.72,-0.10,1.56,-9.60,-0.10,1.56,-9.60,1.00,0.06,-0.03,-0.05,0.99,0.16,0.04,-0.16,0.99,1

7.39,0.29,0.03,-9.71,-0.10,1.58,-9.58,-0.10,1.58,-9.58,1.00,0.06,-0.03,-0.05,0.99,0.16,0.04,-0.16,0.99,1

7.43,0.29,0.02,-9.72,-0.10,1.58,-9.59,-0.10,1.58,-9.59,1.00,0.06,-0.03,-0.05,0.99,0.16,0.04,-0.16,0.99,1

7.46,0.30,0.03,-9.72,-0.10,1.60,-9.60,-0.10,1.60,-9.60,1.00,0.06,-0.03,-0.05,0.99,0.16,0.04,-0.16,0.99,1

7.49,0.29,0.02,-9.72,-0.11,1.59,-9.59,-0.11,1.59,-9.59,1.00,0.06,-0.03,-0.05,0.99,0.16,0.04,-0.16,0.99,1

7.52,0.28,0.01,-9.72,-0.12,1.59,-9.60,-0.12,1.59,-9.60,1.00,0.06,-0.03,-0.05,0.99,0.16,0.04,-0.16,0.99,1

7.56,0.31,0.03,-9.72,-0.10,1.62,-9.59,-0.10,1.62,-9.59,1.00,0.06,-0.03,-0.05,0.99,0.16,0.04,-0.16,0.99,1

7.59,0.28,0.01,-9.73,-0.13,1.60,-9.59,-0.13,1.60,-9.59,1.00,0.06,-0.03,-0.05,0.98,0.16,0.04,-0.16,0.99,1

7.62,0.30,0.02,-9.71,-0.11,1.61,-9.58,-0.11,1.61,-9.58,1.00,0.06,-0.03,-0.05,0.98,0.16,0.04,-0.16,0.99,1

7.66,0.31,0.01,-9.73,-0.10,1.62,-9.60,-0.10,1.62,-9.60,1.00,0.06,-0.03,-0.06,0.98,0.17,0.04,-0.16,0.99,1

7.69,0.28,0.02,-9.71,-0.13,1.63,-9.57,-0.13,1.63,-9.57,1.00,0.06,-0.03,-0.06,0.98,0.17,0.04,-0.16,0.99,1

7.72,0.29,0.03,-9.72,-0.13,1.65,-9.58,-0.13,1.65,-9.58,1.00,0.06,-0.03,-0.06,0.98,0.17,0.04,-0.17,0.99,1

7.75,0.31,0.02,-9.71,-0.11,1.65,-9.58,-0.11,1.65,-9.58,1.00,0.06,-0.03,-0.06,0.98,0.17,0.04,-0.17,0.99,1

7.79,0.28,0.01,-9.71,-0.13,1.65,-9.58,-0.13,1.65,-9.58,1.00,0.06,-0.03,-0.06,0.98,0.17,0.04,-0.17,0.99,1

7.82,0.28,0.02,-9.72,-0.14,1.66,-9.58,-0.14,1.66,-9.58,1.00,0.06,-0.03,-0.06,0.98,0.17,0.04,-0.17,0.98,1

7.85,0.30,0.03,-9.71,-0.12,1.68,-9.57,-0.12,1.68,-9.57,1.00,0.06,-0.03,-0.06,0.98,0.17,0.04,-0.17,0.98,1

7.89,0.29,0.02,-9.73,-0.13,1.68,-9.58,-0.13,1.68,-9.58,1.00,0.06,-0.03,-0.06,0.98,0.17,0.04,-0.17,0.98,1

7.92,0.28,0.02,-9.72,-0.14,1.68,-9.57,-0.14,1.68,-9.57,1.00,0.06,-0.03,-0.06,0.98,0.17,0.04,-0.17,0.98,1

7.95,0.29,0.03,-9.72,-0.13,1.70,-9.57,-0.13,1.70,-9.57,1.00,0.06,-0.03,-0.06,0.98,0.17,0.04,-0.17,0.98,1

7.99,0.30,0.02,-9.71,-0.13,1.70,-9.57,-0.13,1.70,-9.57,1.00,0.06,-0.03,-0.06,0.98,0.17,0.04,-0.17,0.98,1

8.02,0.29,0.02,-9.71,-0.14,1.70,-9.56,-0.14,1.70,-9.56,1.00,0.06,-0.03,-0.06,0.98,0.17,0.04,-0.17,0.98,1

8.05,0.29,0.01,-9.74,-0.14,1.71,-9.59,-0.14,1.71,-9.59,1.00,0.06,-0.03,-0.06,0.98,0.17,0.04,-0.17,0.98,1

8.09,0.30,0.02,-9.73,-0.14,1.72,-9.58,-0.14,1.72,-9.58,1.00,0.06,-0.03,-0.06,0.98,0.18,0.04,-0.17,0.98,1

8.12,0.30,0.03,-9.73,-0.14,1.73,-9.58,-0.14,1.73,-9.58,1.00,0.06,-0.03,-0.06,0.98,0.18,0.04,-0.17,0.98,1

8.15,0.28,0.01,-9.71,-0.15,1.72,-9.56,-0.15,1.72,-9.56,1.00,0.07,-0.03,-0.06,0.98,0.18,0.05,-0.17,0.98,1

8.18,0.29,0.02,-9.72,-0.15,1.74,-9.57,-0.15,1.74,-9.57,1.00,0.07,-0.03,-0.06,0.98,0.18,0.05,-0.17,0.98,1

8.22,0.28,0.02,-9.72,-0.16,1.75,-9.57,-0.16,1.75,-9.57,1.00,0.07,-0.03,-0.06,0.98,0.18,0.05,-0.18,0.98,1

8.25,0.27,0.00,-9.71,-0.17,1.73,-9.56,-0.17,1.73,-9.56,1.00,0.07,-0.03,-0.06,0.98,0.18,0.05,-0.18,0.98,1

8.28,0.29,0.02,-9.72,-0.16,1.76,-9.57,-0.16,1.76,-9.57,1.00,0.07,-0.03,-0.06,0.98,0.18,0.05,-0.18,0.98,1

8.32,0.28,0.02,-9.72,-0.17,1.76,-9.56,-0.17,1.76,-9.56,1.00,0.07,-0.03,-0.06,0.98,0.18,0.05,-0.18,0.98,1

8.35,0.27,0.03,-9.71,-0.18,1.78,-9.55,-0.18,1.78,-9.55,1.00,0.07,-0.04,-0.06,0.98,0.18,0.05,-0.18,0.98,1

8.38,0.29,0.02,-9.71,-0.17,1.77,-9.55,-0.17,1.77,-9.55,1.00,0.07,-0.04,-0.06,0.98,0.18,0.05,-0.18,0.98,1

8.41,0.29,0.02,-9.72,-0.16,1.79,-9.56,-0.16,1.79,-9.56,1.00,0.07,-0.04,-0.06,0.98,0.18,0.05,-0.18,0.98,1

8.45,0.28,0.03,-9.71,-0.18,1.80,-9.55,-0.18,1.80,-9.55,1.00,0.07,-0.04,-0.06,0.98,0.18,0.05,-0.18,0.98,1

8.48,0.29,0.03,-9.72,-0.17,1.81,-9.55,-0.17,1.81,-9.55,1.00,0.07,-0.04,-0.06,0.98,0.18,0.05,-0.18,0.98,1

8.51,0.30,0.03,-9.71,-0.16,1.81,-9.54,-0.16,1.81,-9.54,1.00,0.07,-0.04,-0.06,0.98,0.18,0.05,-0.18,0.98,1

8.55,0.29,0.01,-9.71,-0.17,1.80,-9.55,-0.17,1.80,-9.55,1.00,0.07,-0.04,-0.06,0.98,0.18,0.05,-0.18,0.98,1

8.58,0.27,0.02,-9.72,-0.19,1.82,-9.55,-0.19,1.82,-9.55,1.00,0.07,-0.04,-0.06,0.98,0.19,0.05,-0.18,0.98,1

8.61,0.30,0.03,-9.72,-0.18,1.83,-9.55,-0.18,1.83,-9.55,1.00,0.07,-0.04,-0.06,0.98,0.19,0.05,-0.18,0.98,1

8.65,0.29,0.02,-9.73,-0.18,1.83,-9.55,-0.18,1.83,-9.55,1.00,0.07,-0.04,-0.06,0.98,0.19,0.05,-0.18,0.98,1

8.68,0.29,0.03,-9.72,-0.19,1.84,-9.54,-0.19,1.84,-9.54,1.00,0.07,-0.04,-0.06,0.98,0.19,0.05,-0.18,0.98,1

8.71,0.30,0.02,-9.72,-0.18,1.84,-9.55,-0.18,1.84,-9.55,1.00,0.07,-0.04,-0.06,0.98,0.19,0.05,-0.19,0.98,1

8.74,0.28,0.02,-9.72,-0.20,1.85,-9.55,-0.20,1.85,-9.55,1.00,0.07,-0.04,-0.06,0.98,0.19,0.05,-0.19,0.98,1

8.78,0.29,0.02,-9.71,-0.19,1.85,-9.54,-0.19,1.85,-9.54,1.00,0.07,-0.04,-0.06,0.98,0.19,0.05,-0.19,0.98,1

8.81,0.31,0.02,-9.73,-0.17,1.86,-9.55,-0.17,1.86,-9.55,1.00,0.07,-0.04,-0.06,0.98,0.19,0.05,-0.19,0.98,1

8.84,0.27,0.02,-9.71,-0.22,1.86,-9.53,-0.22,1.86,-9.53,1.00,0.07,-0.04,-0.06,0.98,0.19,0.05,-0.19,0.98,1

8.88,0.28,0.03,-9.71,-0.21,1.88,-9.53,-0.21,1.88,-9.53,1.00,0.07,-0.04,-0.06,0.98,0.19,0.05,-0.19,0.98,1

8.91,0.30,0.01,-9.73,-0.19,1.87,-9.55,-0.19,1.87,-9.55,1.00,0.07,-0.04,-0.06,0.98,0.19,0.05,-0.19,0.98,1

8.94,0.31,0.02,-9.72,-0.19,1.89,-9.54,-0.19,1.89,-9.54,1.00,0.07,-0.04,-0.06,0.98,0.19,0.05,-0.19,0.98,1

8.98,0.28,0.04,-9.71,-0.22,1.91,-9.52,-0.22,1.91,-9.52,1.00,0.07,-0.04,-0.06,0.98,0.19,0.05,-0.19,0.98,1

9.01,0.28,0.00,-9.73,-0.21,1.89,-9.54,-0.21,1.89,-9.54,1.00,0.07,-0.04,-0.06,0.98,0.19,0.05,-0.19,0.98,1

9.04,0.33,0.03,-9.71,-0.17,1.92,-9.53,-0.17,1.92,-9.53,1.00,0.07,-0.04,-0.06,0.98,0.20,0.05,-0.19,0.98,1

9.07,0.26,0.02,-9.72,-0.23,1.92,-9.53,-0.23,1.92,-9.53,1.00,0.07,-0.04,-0.06,0.98,0.20,0.05,-0.19,0.98,1

9.11,0.26,0.03,-9.72,-0.24,1.93,-9.53,-0.24,1.93,-9.53,1.00,0.07,-0.04,-0.06,0.98,0.20,0.05,-0.19,0.98,1

9.14,0.33,0.02,-9.71,-0.17,1.94,-9.52,-0.17,1.94,-9.52,1.00,0.07,-0.04,-0.06,0.98,0.20,0.05,-0.19,0.98,1

9.17,0.28,0.02,-9.73,-0.23,1.94,-9.54,-0.23,1.94,-9.54,1.00,0.07,-0.04,-0.06,0.98,0.20,0.05,-0.20,0.98,1

9.21,0.26,0.03,-9.72,-0.25,1.95,-9.52,-0.25,1.95,-9.52,1.00,0.07,-0.04,-0.07,0.98,0.20,0.05,-0.20,0.98,1

9.24,0.28,0.02,-9.72,-0.23,1.95,-9.52,-0.23,1.95,-9.52,1.00,0.07,-0.04,-0.07,0.98,0.20,0.05,-0.20,0.98,1

9.27,0.30,0.01,-9.73,-0.21,1.95,-9.53,-0.21,1.95,-9.53,1.00,0.07,-0.04,-0.07,0.98,0.20,0.05,-0.20,0.98,1

9.31,0.29,0.02,-9.73,-0.23,1.97,-9.53,-0.23,1.97,-9.53,1.00,0.08,-0.04,-0.07,0.98,0.20,0.05,-0.20,0.98,1

9.34,0.26,0.02,-9.73,-0.26,1.98,-9.53,-0.26,1.98,-9.53,1.00,0.08,-0.04,-0.07,0.98,0.20,0.05,-0.20,0.98,1

9.37,0.29,0.02,-9.71,-0.23,1.98,-9.51,-0.23,1.98,-9.51,1.00,0.08,-0.04,-0.07,0.98,0.20,0.05,-0.20,0.98,1

9.40,0.30,0.02,-9.72,-0.22,1.99,-9.52,-0.22,1.99,-9.52,1.00,0.08,-0.04,-0.07,0.98,0.20,0.05,-0.20,0.98,1

9.44,0.26,0.02,-9.73,-0.26,1.99,-9.52,-0.26,1.99,-9.52,1.00,0.08,-0.04,-0.07,0.98,0.20,0.05,-0.20,0.98,1

9.47,0.26,0.03,-9.72,-0.26,2.01,-9.51,-0.26,2.01,-9.51,1.00,0.08,-0.04,-0.07,0.98,0.20,0.05,-0.20,0.98,1

9.50,0.31,0.03,-9.72,-0.21,2.02,-9.51,-0.21,2.02,-9.51,1.00,0.08,-0.04,-0.07,0.98,0.21,0.05,-0.20,0.98,1

9.54,0.30,0.02,-9.71,-0.22,2.01,-9.50,-0.22,2.01,-9.50,1.00,0.08,-0.04,-0.07,0.98,0.21,0.05,-0.20,0.98,1

9.57,0.28,0.02,-9.71,-0.25,2.02,-9.50,-0.25,2.02,-9.50,1.00,0.08,-0.04,-0.07,0.98,0.21,0.05,-0.20,0.98,1

9.60,0.31,0.03,-9.72,-0.23,2.04,-9.50,-0.23,2.04,-9.50,1.00,0.08,-0.04,-0.07,0.98,0.21,0.05,-0.20,0.98,1

9.64,0.29,0.01,-9.72,-0.25,2.03,-9.50,-0.25,2.03,-9.50,1.00,0.08,-0.04,-0.07,0.98,0.21,0.05,-0.20,0.98,1

9.67,0.29,0.02,-9.71,-0.25,2.04,-9.50,-0.25,2.04,-9.50,1.00,0.08,-0.04,-0.07,0.98,0.21,0.06,-0.21,0.98,1

9.70,0.28,0.02,-9.72,-0.26,2.04,-9.50,-0.26,2.04,-9.50,1.00,0.08,-0.04,-0.07,0.98,0.21,0.06,-0.21,0.98,1

9.73,0.29,0.02,-9.72,-0.25,2.06,-9.50,-0.25,2.06,-9.50,1.00,0.08,-0.04,-0.07,0.98,0.21,0.06,-0.21,0.98,1

9.77,0.28,0.02,-9.72,-0.26,2.06,-9.50,-0.26,2.06,-9.50,1.00,0.08,-0.04,-0.07,0.98,0.21,0.06,-0.21,0.98,1

9.80,0.27,0.03,-9.73,-0.28,2.07,-9.50,-0.28,2.07,-9.50,1.00,0.08,-0.04,-0.07,0.97,0.21,0.06,-0.21,0.98,1

9.83,0.31,0.02,-9.71,-0.24,2.07,-9.49,-0.24,2.07,-9.49,1.00,0.08,-0.04,-0.07,0.97,0.21,0.06,-0.21,0.98,1

9.87,0.28,0.02,-9.72,-0.27,2.08,-9.50,-0.27,2.08,-9.50,1.00,0.08,-0.04,-0.07,0.97,0.21,0.06,-0.21,0.98,1

9.90,0.30,0.03,-9.70,-0.26,2.10,-9.47,-0.26,2.10,-9.47,1.00,0.08,-0.04,-0.07,0.97,0.21,0.06,-0.21,0.98,1

9.93,0.30,0.00,-9.71,-0.27,2.08,-9.49,-0.27,2.08,-9.49,1.00,0.08,-0.04,-0.07,0.97,0.22,0.06,-0.21,0.98,1

9.97,0.29,0.03,-9.72,-0.28,2.11,-9.49,-0.28,2.11,-9.49,1.00,0.08,-0.04,-0.07,0.97,0.22,0.06,-0.21,0.98,1

10.00,0.27,0.02,-9.73,-0.29,2.11,-9.50,-0.29,2.11,-9.50,1.00,0.08,-0.04,-0.07,0.97,0.22,0.06,-0.21,0.98,1

10.03,0.28,0.01,-9.71,-0.29,2.11,-9.48,-0.29,2.11,-9.48,1.00,0.08,-0.04,-0.07,0.97,0.22,0.06,-0.21,0.98,1

10.06,0.30,0.03,-9.72,-0.27,2.13,-9.49,-0.27,2.13,-9.49,1.00,0.08,-0.04,-0.07,0.97,0.22,0.06,-0.21,0.98,1

10.10,0.28,0.03,-9.71,-0.29,2.14,-9.47,-0.29,2.14,-9.47,1.00,0.08,-0.04,-0.07,0.97,0.22,0.06,-0.21,0.97,1

10.13,0.27,0.03,-9.71,-0.30,2.15,-9.47,-0.30,2.15,-9.47,1.00,0.08,-0.04,-0.07,0.97,0.22,0.06,-0.22,0.97,1

10.16,0.30,0.03,-9.71,-0.28,2.15,-9.47,-0.28,2.15,-9.47,1.00,0.08,-0.04,-0.07,0.97,0.22,0.06,-0.22,0.97,1

10.20,0.28,0.04,-9.71,-0.30,2.17,-9.47,-0.30,2.17,-9.47,1.00,0.08,-0.04,-0.07,0.97,0.22,0.06,-0.22,0.97,1

10.23,0.28,0.03,-9.72,-0.30,2.17,-9.47,-0.30,2.17,-9.47,1.00,0.08,-0.04,-0.07,0.97,0.22,0.06,-0.22,0.97,1

10.26,0.30,0.01,-9.72,-0.28,2.15,-9.48,-0.28,2.15,-9.48,1.00,0.08,-0.04,-0.07,0.97,0.22,0.06,-0.22,0.97,1

10.30,0.29,0.02,-9.71,-0.30,2.16,-9.47,-0.30,2.16,-9.47,1.00,0.08,-0.04,-0.07,0.97,0.22,0.06,-0.22,0.97,1

10.33,0.28,0.02,-9.71,-0.31,2.17,-9.46,-0.31,2.17,-9.46,1.00,0.08,-0.04,-0.07,0.97,0.22,0.06,-0.22,0.97,1

10.36,0.29,0.02,-9.73,-0.30,2.19,-9.48,-0.30,2.19,-9.48,1.00,0.08,-0.04,-0.07,0.97,0.22,0.06,-0.22,0.97,1

10.40,0.30,0.05,-9.72,-0.29,2.22,-9.47,-0.29,2.22,-9.47,1.00,0.08,-0.04,-0.07,0.97,0.22,0.06,-0.22,0.97,1

10.43,0.27,0.01,-9.72,-0.32,2.18,-9.47,-0.32,2.18,-9.47,1.00,0.08,-0.04,-0.07,0.97,0.23,0.06,-0.22,0.97,1

10.46,0.29,0.03,-9.71,-0.30,2.21,-9.46,-0.30,2.21,-9.46,1.00,0.08,-0.04,-0.07,0.97,0.23,0.06,-0.22,0.97,1

10.49,0.30,0.01,-9.72,-0.29,2.20,-9.47,-0.29,2.20,-9.47,1.00,0.08,-0.04,-0.07,0.97,0.23,0.06,-0.22,0.97,1

10.53,0.28,0.02,-9.71,-0.31,2.21,-9.45,-0.31,2.21,-9.45,1.00,0.08,-0.04,-0.07,0.97,0.23,0.06,-0.22,0.97,1

10.56,0.29,0.02,-9.73,-0.31,2.23,-9.47,-0.31,2.23,-9.47,1.00,0.09,-0.04,-0.07,0.97,0.23,0.06,-0.22,0.97,1

10.59,0.30,0.02,-9.75,-0.30,2.23,-9.49,-0.30,2.23,-9.49,1.00,0.09,-0.04,-0.07,0.97,0.23,0.06,-0.22,0.97,1

10.63,0.30,0.01,-9.72,-0.30,2.23,-9.46,-0.30,2.23,-9.46,1.00,0.09,-0.04,-0.07,0.97,0.23,0.06,-0.23,0.97,1

10.66,0.27,0.03,-9.70,-0.33,2.24,-9.44,-0.33,2.24,-9.44,1.00,0.09,-0.04,-0.07,0.97,0.23,0.06,-0.23,0.97,1

10.69,0.29,0.01,-9.74,-0.31,2.24,-9.47,-0.31,2.24,-9.47,1.00,0.09,-0.04,-0.07,0.97,0.23,0.06,-0.23,0.97,1

10.73,0.31,0.02,-9.72,-0.30,2.26,-9.45,-0.30,2.26,-9.45,1.00,0.09,-0.04,-0.07,0.97,0.23,0.06,-0.23,0.97,1

10.76,0.27,0.02,-9.71,-0.34,2.26,-9.44,-0.34,2.26,-9.44,1.00,0.09,-0.04,-0.07,0.97,0.23,0.06,-0.23,0.97,1

10.79,0.33,0.10,-9.70,-0.30,2.35,-9.42,-0.30,2.35,-9.42,1.00,0.09,-0.04,-0.07,0.97,0.23,0.06,-0.23,0.97,1

10.82,0.34,0.01,-9.71,-0.28,2.27,-9.44,-0.28,2.27,-9.44,1.00,0.09,-0.04,-0.07,0.97,0.23,0.06,-0.23,0.97,1

10.86,0.29,0.02,-9.70,-0.34,2.27,-9.43,-0.34,2.27,-9.43,1.00,0.09,-0.05,-0.07,0.97,0.23,0.06,-0.23,0.97,1

10.89,0.25,0.02,-9.72,-0.37,2.28,-9.44,-0.37,2.28,-9.44,1.00,0.09,-0.05,-0.07,0.97,0.24,0.06,-0.23,0.97,1

10.92,0.30,0.03,-9.73,-0.33,2.31,-9.45,-0.33,2.31,-9.45,1.00,0.09,-0.05,-0.07,0.97,0.24,0.06,-0.23,0.97,1

10.96,0.31,0.03,-9.73,-0.33,2.31,-9.45,-0.33,2.31,-9.45,1.00,0.09,-0.05,-0.07,0.97,0.24,0.06,-0.23,0.97,1

10.99,0.27,0.02,-9.73,-0.37,2.32,-9.44,-0.37,2.32,-9.44,1.00,0.09,-0.05,-0.08,0.97,0.24,0.07,-0.23,0.97,1

11.02,0.27,0.03,-9.72,-0.36,2.32,-9.44,-0.36,2.32,-9.44,1.00,0.09,-0.05,-0.08,0.97,0.24,0.07,-0.23,0.97,1

11.06,0.30,0.02,-9.72,-0.34,2.33,-9.44,-0.34,2.33,-9.44,0.99,0.09,-0.05,-0.08,0.97,0.24,0.07,-0.23,0.97,1

11.09,0.31,0.03,-9.73,-0.34,2.34,-9.44,-0.34,2.34,-9.44,0.99,0.09,-0.05,-0.08,0.97,0.24,0.07,-0.24,0.97,1

11.12,0.28,0.02,-9.71,-0.37,2.33,-9.43,-0.37,2.33,-9.43,0.99,0.09,-0.05,-0.08,0.97,0.24,0.07,-0.24,0.97,1

11.15,0.28,0.01,-9.72,-0.36,2.33,-9.43,-0.36,2.33,-9.43,0.99,0.09,-0.05,-0.08,0.97,0.24,0.07,-0.24,0.97,1

11.19,0.31,0.03,-9.72,-0.34,2.36,-9.43,-0.34,2.36,-9.43,0.99,0.09,-0.05,-0.08,0.97,0.24,0.07,-0.24,0.97,1

11.22,0.28,0.02,-9.72,-0.37,2.36,-9.43,-0.37,2.36,-9.43,0.99,0.09,-0.05,-0.08,0.97,0.24,0.07,-0.24,0.97,1

11.25,0.28,0.03,-9.70,-0.38,2.37,-9.41,-0.38,2.37,-9.41,0.99,0.09,-0.05,-0.08,0.97,0.24,0.07,-0.24,0.97,1

11.29,0.30,0.02,-9.72,-0.35,2.37,-9.42,-0.35,2.37,-9.42,0.99,0.09,-0.05,-0.08,0.97,0.24,0.07,-0.24,0.97,1

11.32,0.29,0.04,-9.71,-0.36,2.40,-9.41,-0.36,2.40,-9.41,0.99,0.09,-0.05,-0.08,0.97,0.24,0.07,-0.24,0.97,1

11.35,0.27,0.02,-9.71,-0.39,2.38,-9.40,-0.39,2.38,-9.40,0.99,0.09,-0.05,-0.08,0.97,0.25,0.07,-0.24,0.97,1

11.39,0.30,0.03,-9.72,-0.36,2.40,-9.42,-0.36,2.40,-9.42,0.99,0.09,-0.05,-0.08,0.97,0.25,0.07,-0.24,0.97,1

11.42,0.29,0.01,-9.71,-0.37,2.39,-9.41,-0.37,2.39,-9.41,0.99,0.09,-0.05,-0.08,0.97,0.25,0.07,-0.24,0.97,1

11.45,0.28,0.02,-9.71,-0.39,2.40,-9.41,-0.39,2.40,-9.41,0.99,0.09,-0.05,-0.08,0.97,0.25,0.07,-0.24,0.97,1

11.48,0.31,0.03,-9.71,-0.36,2.42,-9.40,-0.36,2.42,-9.40,0.99,0.09,-0.05,-0.08,0.97,0.25,0.07,-0.24,0.97,1

11.52,0.30,0.03,-9.73,-0.38,2.43,-9.42,-0.38,2.43,-9.42,0.99,0.09,-0.05,-0.08,0.97,0.25,0.07,-0.24,0.97,1

11.55,0.29,0.03,-9.73,-0.39,2.44,-9.41,-0.39,2.44,-9.41,0.99,0.09,-0.05,-0.08,0.97,0.25,0.07,-0.24,0.97,1

11.58,0.29,0.03,-9.72,-0.38,2.44,-9.40,-0.38,2.44,-9.40,0.99,0.09,-0.05,-0.08,0.96,0.25,0.07,-0.25,0.97,1

11.62,0.30,0.02,-9.71,-0.38,2.44,-9.40,-0.38,2.44,-9.40,0.99,0.09,-0.05,-0.08,0.96,0.25,0.07,-0.25,0.97,1

11.65,0.28,0.02,-9.72,-0.40,2.45,-9.40,-0.40,2.45,-9.40,0.99,0.09,-0.05,-0.08,0.96,0.25,0.07,-0.25,0.97,1

11.68,0.30,0.02,-9.71,-0.39,2.45,-9.39,-0.39,2.45,-9.39,0.99,0.09,-0.05,-0.08,0.96,0.25,0.07,-0.25,0.97,1

11.72,0.30,0.01,-9.72,-0.39,2.46,-9.40,-0.39,2.46,-9.40,0.99,0.09,-0.05,-0.08,0.96,0.25,0.07,-0.25,0.97,1

11.75,0.28,0.02,-9.73,-0.41,2.47,-9.41,-0.41,2.47,-9.41,0.99,0.09,-0.05,-0.08,0.96,0.25,0.07,-0.25,0.97,1

11.78,0.29,0.02,-9.72,-0.41,2.48,-9.40,-0.41,2.48,-9.40,0.99,0.10,-0.05,-0.08,0.96,0.26,0.07,-0.25,0.97,1

11.81,0.32,0.03,-9.71,-0.38,2.49,-9.38,-0.38,2.49,-9.38,0.99,0.10,-0.05,-0.08,0.96,0.26,0.07,-0.25,0.97,1

11.85,0.34,0.11,-9.65,-0.37,2.56,-9.30,-0.37,2.56,-9.30,0.99,0.10,-0.05,-0.08,0.96,0.26,0.07,-0.25,0.97,1

11.88,0.28,0.04,-9.70,-0.43,2.50,-9.36,-0.43,2.50,-9.36,0.99,0.10,-0.05,-0.08,0.96,0.26,0.07,-0.25,0.97,1

11.91,0.30,0.02,-9.71,-0.41,2.49,-9.38,-0.41,2.49,-9.38,0.99,0.10,-0.05,-0.08,0.96,0.26,0.07,-0.25,0.96,1

11.94,0.30,0.01,-9.72,-0.41,2.50,-9.38,-0.41,2.50,-9.38,0.99,0.10,-0.05,-0.08,0.96,0.26,0.07,-0.25,0.96,1

11.98,0.27,0.02,-9.71,-0.44,2.51,-9.37,-0.44,2.51,-9.37,0.99,0.10,-0.05,-0.08,0.96,0.26,0.07,-0.25,0.96,1

12.01,0.29,0.03,-9.72,-0.43,2.53,-9.38,-0.43,2.53,-9.38,0.99,0.10,-0.05,-0.08,0.96,0.26,0.07,-0.25,0.96,1

12.05,0.29,0.02,-9.72,-0.43,2.53,-9.38,-0.43,2.53,-9.38,0.99,0.10,-0.05,-0.08,0.96,0.26,0.07,-0.26,0.96,1

12.08,0.28,0.02,-9.71,-0.44,2.53,-9.37,-0.44,2.53,-9.37,0.99,0.10,-0.05,-0.08,0.96,0.26,0.07,-0.26,0.96,1

12.11,0.29,0.03,-9.72,-0.44,2.55,-9.37,-0.44,2.55,-9.37,0.99,0.10,-0.05,-0.08,0.96,0.26,0.07,-0.26,0.96,1

12.14,0.28,0.02,-9.71,-0.44,2.54,-9.37,-0.44,2.54,-9.37,0.99,0.10,-0.05,-0.08,0.96,0.26,0.07,-0.26,0.96,1

12.18,0.29,0.02,-9.70,-0.44,2.55,-9.36,-0.44,2.55,-9.36,0.99,0.10,-0.05,-0.08,0.96,0.26,0.07,-0.26,0.96,1

12.21,0.28,0.04,-9.72,-0.45,2.57,-9.36,-0.45,2.57,-9.36,0.99,0.10,-0.05,-0.08,0.96,0.26,0.07,-0.26,0.96,1

12.24,0.29,0.01,-9.72,-0.45,2.56,-9.37,-0.45,2.56,-9.37,0.99,0.10,-0.05,-0.08,0.96,0.26,0.08,-0.26,0.96,1

12.28,0.29,0.02,-9.71,-0.44,2.57,-9.36,-0.44,2.57,-9.36,0.99,0.10,-0.05,-0.08,0.96,0.27,0.08,-0.26,0.96,1

12.31,0.27,0.03,-9.71,-0.47,2.58,-9.35,-0.47,2.58,-9.35,0.99,0.10,-0.05,-0.08,0.96,0.27,0.08,-0.26,0.96,1

12.34,0.29,0.03,-9.71,-0.45,2.59,-9.35,-0.45,2.59,-9.35,0.99,0.10,-0.05,-0.08,0.96,0.27,0.08,-0.26,0.96,1

12.38,0.30,0.02,-9.73,-0.45,2.60,-9.37,-0.45,2.60,-9.37,0.99,0.10,-0.05,-0.08,0.96,0.27,0.08,-0.26,0.96,1

12.41,0.29,0.02,-9.71,-0.46,2.60,-9.35,-0.46,2.60,-9.35,0.99,0.10,-0.05,-0.08,0.96,0.27,0.08,-0.26,0.96,1

12.44,0.28,0.03,-9.71,-0.46,2.61,-9.34,-0.46,2.61,-9.34,0.99,0.10,-0.05,-0.08,0.96,0.27,0.08,-0.26,0.96,1

12.47,0.29,0.01,-9.73,-0.46,2.61,-9.37,-0.46,2.61,-9.37,0.99,0.10,-0.05,-0.08,0.96,0.27,0.08,-0.26,0.96,1

12.51,0.29,0.03,-9.71,-0.46,2.62,-9.34,-0.46,2.62,-9.34,0.99,0.10,-0.05,-0.08,0.96,0.27,0.08,-0.26,0.96,1

12.54,0.28,0.03,-9.71,-0.47,2.63,-9.34,-0.47,2.63,-9.34,0.99,0.10,-0.05,-0.08,0.96,0.27,0.08,-0.27,0.96,1

12.57,0.30,0.03,-9.73,-0.46,2.64,-9.35,-0.46,2.64,-9.35,0.99,0.10,-0.05,-0.08,0.96,0.27,0.08,-0.27,0.96,1

12.61,0.31,0.01,-9.71,-0.45,2.63,-9.34,-0.45,2.63,-9.34,0.99,0.10,-0.05,-0.08,0.96,0.27,0.08,-0.27,0.96,1

12.64,0.29,0.03,-9.71,-0.47,2.65,-9.34,-0.47,2.65,-9.34,0.99,0.10,-0.05,-0.08,0.96,0.27,0.08,-0.27,0.96,1

12.67,0.28,0.02,-9.71,-0.48,2.65,-9.33,-0.48,2.65,-9.33,0.99,0.10,-0.05,-0.08,0.96,0.27,0.08,-0.27,0.96,1

12.70,0.30,0.03,-9.72,-0.47,2.67,-9.33,-0.47,2.67,-9.33,0.99,0.10,-0.05,-0.08,0.96,0.28,0.08,-0.27,0.96,1

12.74,0.30,0.03,-9.70,-0.47,2.67,-9.32,-0.47,2.67,-9.32,0.99,0.10,-0.05,-0.08,0.96,0.28,0.08,-0.27,0.96,1

12.77,0.28,0.01,-9.71,-0.50,2.67,-9.33,-0.50,2.67,-9.33,0.99,0.10,-0.05,-0.08,0.96,0.28,0.08,-0.27,0.96,1

12.80,0.29,0.03,-9.73,-0.48,2.69,-9.34,-0.48,2.69,-9.34,0.99,0.10,-0.05,-0.08,0.96,0.28,0.08,-0.27,0.96,1

12.84,0.28,0.02,-9.71,-0.49,2.68,-9.33,-0.49,2.68,-9.33,0.99,0.10,-0.05,-0.09,0.96,0.28,0.08,-0.27,0.96,1

12.87,0.23,-0.07,-9.81,-0.55,2.62,-9.44,-0.55,2.62,-9.44,0.99,0.10,-0.05,-0.09,0.96,0.28,0.08,-0.27,0.96,1

12.90,0.31,0.04,-9.73,-0.48,2.72,-9.33,-0.48,2.72,-9.33,0.99,0.10,-0.05,-0.09,0.96,0.28,0.08,-0.27,0.96,1

12.94,0.27,0.02,-9.71,-0.52,2.71,-9.31,-0.52,2.71,-9.31,0.99,0.10,-0.05,-0.09,0.96,0.28,0.08,-0.27,0.96,1

12.97,0.26,0.02,-9.71,-0.52,2.71,-9.31,-0.52,2.71,-9.31,0.99,0.11,-0.05,-0.09,0.96,0.28,0.08,-0.27,0.96,1

13.00,0.32,0.03,-9.72,-0.47,2.73,-9.32,-0.47,2.73,-9.32,0.99,0.11,-0.05,-0.09,0.96,0.28,0.08,-0.27,0.96,1

13.03,0.28,0.01,-9.71,-0.51,2.72,-9.31,-0.51,2.72,-9.31,0.99,0.11,-0.05,-0.09,0.96,0.28,0.08,-0.28,0.96,1

13.07,0.27,0.03,-9.71,-0.53,2.74,-9.31,-0.53,2.74,-9.31,0.99,0.11,-0.05,-0.09,0.96,0.28,0.08,-0.28,0.96,1

13.10,0.29,0.02,-9.72,-0.51,2.74,-9.32,-0.51,2.74,-9.32,0.99,0.11,-0.05,-0.09,0.95,0.28,0.08,-0.28,0.96,1

13.13,0.31,0.01,-9.72,-0.50,2.74,-9.31,-0.50,2.74,-9.31,0.99,0.11,-0.05,-0.09,0.95,0.28,0.08,-0.28,0.96,1

13.17,0.29,0.03,-9.71,-0.51,2.76,-9.30,-0.51,2.76,-9.30,0.99,0.11,-0.05,-0.09,0.95,0.28,0.08,-0.28,0.96,1

13.20,0.27,0.03,-9.71,-0.54,2.77,-9.30,-0.54,2.77,-9.30,0.99,0.11,-0.05,-0.09,0.95,0.29,0.08,-0.28,0.96,1

13.23,0.29,0.02,-9.71,-0.52,2.76,-9.30,-0.52,2.76,-9.30,0.99,0.11,-0.05,-0.09,0.95,0.29,0.08,-0.28,0.96,1

13.27,0.31,0.03,-9.72,-0.51,2.78,-9.31,-0.51,2.78,-9.31,0.99,0.11,-0.05,-0.09,0.95,0.29,0.08,-0.28,0.96,1

13.30,0.26,0.02,-9.71,-0.55,2.78,-9.30,-0.55,2.78,-9.30,0.99,0.11,-0.05,-0.09,0.95,0.29,0.08,-0.28,0.96,1

13.33,0.26,-0.06,-9.73,-0.55,2.71,-9.33,-0.55,2.71,-9.33,0.99,0.11,-0.05,-0.09,0.95,0.29,0.08,-0.28,0.96,1

13.36,0.31,0.02,-9.71,-0.51,2.79,-9.29,-0.51,2.79,-9.29,0.99,0.11,-0.05,-0.09,0.95,0.29,0.08,-0.28,0.96,1

13.40,0.28,0.01,-9.71,-0.54,2.79,-9.29,-0.54,2.79,-9.29,0.99,0.11,-0.05,-0.09,0.95,0.29,0.08,-0.28,0.96,1

13.43,0.28,0.03,-9.71,-0.54,2.81,-9.28,-0.54,2.81,-9.28,0.99,0.11,-0.05,-0.09,0.95,0.29,0.08,-0.28,0.96,1

13.46,0.29,0.02,-9.71,-0.54,2.81,-9.29,-0.54,2.81,-9.29,0.99,0.11,-0.05,-0.09,0.95,0.29,0.08,-0.28,0.96,1

13.50,0.29,0.02,-9.71,-0.54,2.82,-9.28,-0.54,2.82,-9.28,0.99,0.11,-0.06,-0.09,0.95,0.29,0.08,-0.28,0.95,1

13.53,0.30,0.01,-9.71,-0.53,2.82,-9.28,-0.53,2.82,-9.28,0.99,0.11,-0.06,-0.09,0.95,0.29,0.08,-0.29,0.95,1

13.56,0.30,0.02,-9.71,-0.53,2.83,-9.28,-0.53,2.83,-9.28,0.99,0.11,-0.06,-0.09,0.95,0.29,0.08,-0.29,0.95,1

13.60,0.28,0.02,-9.71,-0.55,2.84,-9.27,-0.55,2.84,-9.27,0.99,0.11,-0.06,-0.09,0.95,0.29,0.09,-0.29,0.95,1

13.63,0.29,0.02,-9.71,-0.54,2.84,-9.27,-0.54,2.84,-9.27,0.99,0.11,-0.06,-0.09,0.95,0.29,0.09,-0.29,0.95,1

13.66,0.28,0.03,-9.71,-0.55,2.86,-9.27,-0.55,2.86,-9.27,0.99,0.11,-0.06,-0.09,0.95,0.30,0.09,-0.29,0.95,1

13.69,0.28,0.02,-9.72,-0.55,2.86,-9.27,-0.55,2.86,-9.27,0.99,0.11,-0.06,-0.09,0.95,0.30,0.09,-0.29,0.95,1

13.73,0.30,0.01,-9.70,-0.54,2.85,-9.26,-0.54,2.85,-9.26,0.99,0.11,-0.06,-0.09,0.95,0.30,0.09,-0.29,0.95,1

13.76,0.29,0.02,-9.72,-0.55,2.88,-9.28,-0.55,2.88,-9.28,0.99,0.11,-0.06,-0.09,0.95,0.30,0.09,-0.29,0.95,1

13.79,0.28,0.03,-9.73,-0.56,2.89,-9.27,-0.56,2.89,-9.27,0.99,0.11,-0.06,-0.09,0.95,0.30,0.09,-0.29,0.95,1

13.83,0.30,0.02,-9.70,-0.55,2.89,-9.25,-0.55,2.89,-9.25,0.99,0.11,-0.06,-0.09,0.95,0.30,0.09,-0.29,0.95,1

13.86,0.29,0.02,-9.73,-0.57,2.90,-9.28,-0.57,2.90,-9.28,0.99,0.11,-0.06,-0.09,0.95,0.30,0.09,-0.29,0.95,1

13.89,0.30,0.03,-9.72,-0.56,2.91,-9.27,-0.56,2.91,-9.27,0.99,0.11,-0.06,-0.09,0.95,0.30,0.09,-0.29,0.95,1

13.93,0.27,0.00,-9.75,-0.59,2.90,-9.29,-0.59,2.90,-9.29,0.99,0.11,-0.06,-0.09,0.95,0.30,0.09,-0.29,0.95,1

13.96,0.30,0.03,-9.71,-0.56,2.92,-9.25,-0.56,2.92,-9.25,0.99,0.11,-0.06,-0.09,0.95,0.30,0.09,-0.29,0.95,1

13.99,0.29,0.02,-9.72,-0.58,2.92,-9.25,-0.58,2.92,-9.25,0.99,0.11,-0.06,-0.09,0.95,0.30,0.09,-0.30,0.95,1

14.02,0.26,0.02,-9.72,-0.60,2.92,-9.25,-0.60,2.92,-9.25,0.99,0.11,-0.06,-0.09,0.95,0.30,0.09,-0.30,0.95,1

14.06,0.29,0.03,-9.71,-0.58,2.94,-9.24,-0.58,2.94,-9.24,0.99,0.11,-0.06,-0.09,0.95,0.30,0.09,-0.30,0.95,1

14.09,0.30,0.03,-9.73,-0.57,2.95,-9.25,-0.57,2.95,-9.25,0.99,0.12,-0.06,-0.09,0.95,0.30,0.09,-0.30,0.95,1

14.12,0.26,0.02,-9.71,-0.61,2.94,-9.24,-0.61,2.94,-9.24,0.99,0.12,-0.06,-0.09,0.95,0.31,0.09,-0.30,0.95,1

14.16,0.28,0.02,-9.72,-0.60,2.95,-9.24,-0.60,2.95,-9.24,0.99,0.12,-0.06,-0.09,0.95,0.31,0.09,-0.30,0.95,1

14.19,0.00,0.03,-9.71,-0.87,2.94,-9.22,-0.87,2.94,-9.22,0.99,0.12,-0.06,-0.09,0.95,0.31,0.09,-0.30,0.95,1

14.22,0.29,0.01,-9.72,-0.59,2.96,-9.24,-0.59,2.96,-9.24,0.99,0.12,-0.06,-0.09,0.95,0.31,0.09,-0.30,0.95,1

14.26,0.28,0.02,-9.74,-0.60,2.97,-9.26,-0.60,2.97,-9.26,0.99,0.12,-0.06,-0.09,0.95,0.31,0.09,-0.30,0.95,1

14.29,0.31,0.02,-9.72,-0.58,2.98,-9.24,-0.58,2.98,-9.24,0.99,0.12,-0.06,-0.09,0.95,0.31,0.09,-0.30,0.95,1

14.32,0.29,0.03,-9.72,-0.60,2.99,-9.23,-0.60,2.99,-9.23,0.99,0.12,-0.06,-0.09,0.95,0.31,0.09,-0.30,0.95,1

14.35,0.28,0.02,-9.71,-0.61,2.98,-9.22,-0.61,2.98,-9.22,0.99,0.12,-0.06,-0.09,0.95,0.31,0.09,-0.30,0.95,1

14.39,0.29,0.01,-9.71,-0.60,2.99,-9.23,-0.60,2.99,-9.23,0.99,0.12,-0.06,-0.09,0.95,0.31,0.09,-0.30,0.95,1

14.42,0.30,0.03,-9.71,-0.59,3.01,-9.21,-0.59,3.01,-9.21,0.99,0.12,-0.06,-0.09,0.95,0.31,0.09,-0.30,0.95,1

14.45,0.28,0.03,-9.71,-0.61,3.02,-9.21,-0.61,3.02,-9.21,0.99,0.12,-0.06,-0.09,0.95,0.31,0.09,-0.30,0.95,1

14.49,0.27,0.02,-9.72,-0.63,3.02,-9.22,-0.63,3.02,-9.22,0.99,0.12,-0.06,-0.10,0.94,0.31,0.09,-0.31,0.95,1

14.52,0.30,0.02,-9.72,-0.60,3.03,-9.22,-0.60,3.03,-9.22,0.99,0.12,-0.06,-0.10,0.94,0.31,0.09,-0.31,0.95,1

14.55,0.30,0.03,-9.71,-0.61,3.04,-9.21,-0.61,3.04,-9.21,0.99,0.12,-0.06,-0.10,0.94,0.32,0.09,-0.31,0.95,1

14.59,0.26,0.01,-9.72,-0.64,3.03,-9.21,-0.64,3.03,-9.21,0.99,0.12,-0.06,-0.10,0.94,0.32,0.09,-0.31,0.95,1

14.62,0.30,0.02,-9.72,-0.61,3.05,-9.21,-0.61,3.05,-9.21,0.99,0.12,-0.06,-0.10,0.94,0.32,0.09,-0.31,0.95,1

14.65,0.30,0.02,-9.71,-0.61,3.05,-9.20,-0.61,3.05,-9.20,0.99,0.12,-0.06,-0.10,0.94,0.32,0.09,-0.31,0.95,1

14.69,0.27,0.01,-9.71,-0.64,3.05,-9.20,-0.64,3.05,-9.20,0.99,0.12,-0.06,-0.10,0.94,0.32,0.09,-0.31,0.95,1

14.72,0.28,0.03,-9.71,-0.63,3.07,-9.20,-0.63,3.07,-9.20,0.99,0.12,-0.06,-0.10,0.94,0.32,0.09,-0.31,0.95,1

14.75,0.29,0.02,-9.71,-0.63,3.07,-9.20,-0.63,3.07,-9.20,0.99,0.12,-0.06,-0.10,0.94,0.32,0.09,-0.31,0.95,1

14.78,0.28,0.01,-9.71,-0.64,3.07,-9.20,-0.64,3.07,-9.20,0.99,0.12,-0.06,-0.10,0.94,0.32,0.09,-0.31,0.95,1

14.82,0.29,0.02,-9.71,-0.63,3.08,-9.19,-0.63,3.08,-9.19,0.99,0.12,-0.06,-0.10,0.94,0.32,0.09,-0.31,0.95,1

14.85,0.28,0.04,-9.71,-0.64,3.11,-9.18,-0.64,3.11,-9.18,0.99,0.12,-0.06,-0.10,0.94,0.32,0.09,-0.31,0.95,1

14.88,0.28,0.02,-9.72,-0.64,3.10,-9.19,-0.64,3.10,-9.19,0.99,0.12,-0.06,-0.10,0.94,0.32,0.09,-0.31,0.94,1

14.92,0.30,0.03,-9.71,-0.63,3.12,-9.18,-0.63,3.12,-9.18,0.99,0.12,-0.06,-0.10,0.94,0.32,0.10,-0.31,0.94,1

14.95,0.27,0.02,-9.71,-0.66,3.11,-9.18,-0.66,3.11,-9.18,0.99,0.12,-0.06,-0.10,0.94,0.32,0.10,-0.31,0.94,1

14.98,0.27,0.02,-9.71,-0.66,3.12,-9.18,-0.66,3.12,-9.18,0.99,0.12,-0.06,-0.10,0.94,0.32,0.10,-0.32,0.94,1

15.02,0.30,0.02,-9.72,-0.63,3.13,-9.18,-0.63,3.13,-9.18,0.99,0.12,-0.06,-0.10,0.94,0.33,0.10,-0.32,0.94,1

15.05,0.29,0.02,-9.71,-0.65,3.13,-9.17,-0.65,3.13,-9.17,0.99,0.12,-0.06,-0.10,0.94,0.33,0.10,-0.32,0.94,1

15.08,0.27,0.03,-9.71,-0.67,3.15,-9.17,-0.67,3.15,-9.17,0.99,0.12,-0.06,-0.10,0.94,0.33,0.10,-0.32,0.94,1

15.11,0.28,0.02,-9.70,-0.66,3.14,-9.16,-0.66,3.14,-9.16,0.99,0.12,-0.06,-0.10,0.94,0.33,0.10,-0.32,0.94,1

15.15,0.30,0.02,-9.71,-0.65,3.16,-9.17,-0.65,3.16,-9.17,0.99,0.13,-0.06,-0.10,0.94,0.33,0.10,-0.32,0.94,1

15.18,0.28,0.02,-9.73,-0.67,3.17,-9.18,-0.67,3.17,-9.18,0.99,0.13,-0.06,-0.10,0.94,0.33,0.10,-0.32,0.94,1

15.21,0.28,0.01,-9.71,-0.67,3.16,-9.16,-0.67,3.16,-9.16,0.99,0.13,-0.06,-0.10,0.94,0.33,0.10,-0.32,0.94,1

15.25,0.30,0.02,-9.72,-0.65,3.18,-9.17,-0.65,3.18,-9.17,0.99,0.13,-0.06,-0.10,0.94,0.33,0.10,-0.32,0.94,1

15.28,0.30,0.02,-9.71,-0.66,3.18,-9.15,-0.66,3.18,-9.15,0.99,0.13,-0.06,-0.10,0.94,0.33,0.10,-0.32,0.94,1

15.31,0.27,0.02,-9.71,-0.69,3.19,-9.15,-0.69,3.19,-9.15,0.99,0.13,-0.06,-0.10,0.94,0.33,0.10,-0.32,0.94,1

15.35,0.30,0.02,-9.73,-0.67,3.21,-9.17,-0.67,3.21,-9.17,0.99,0.13,-0.06,-0.10,0.94,0.33,0.10,-0.32,0.94,1

15.38,0.30,0.02,-9.71,-0.67,3.21,-9.15,-0.67,3.21,-9.15,0.99,0.13,-0.06,-0.10,0.94,0.33,0.10,-0.32,0.94,1

15.41,0.28,0.02,-9.71,-0.69,3.21,-9.15,-0.69,3.21,-9.15,0.99,0.13,-0.06,-0.10,0.94,0.33,0.10,-0.32,0.94,1

15.44,0.31,0.03,-9.71,-0.66,3.23,-9.13,-0.66,3.23,-9.13,0.99,0.13,-0.06,-0.10,0.94,0.33,0.10,-0.33,0.94,1

15.48,0.29,0.02,-9.71,-0.69,3.22,-9.14,-0.69,3.22,-9.14,0.99,0.13,-0.06,-0.10,0.94,0.34,0.10,-0.33,0.94,1

15.51,0.28,0.01,-9.72,-0.69,3.23,-9.15,-0.69,3.23,-9.15,0.99,0.13,-0.06,-0.10,0.94,0.34,0.10,-0.33,0.94,1

15.54,0.31,0.02,-9.72,-0.67,3.24,-9.15,-0.67,3.24,-9.15,0.99,0.13,-0.06,-0.10,0.94,0.34,0.10,-0.33,0.94,1

15.58,0.28,0.01,-9.73,-0.70,3.24,-9.15,-0.70,3.24,-9.15,0.99,0.13,-0.06,-0.10,0.94,0.34,0.10,-0.33,0.94,1

15.61,0.30,0.02,-9.71,-0.68,3.25,-9.13,-0.68,3.25,-9.13,0.99,0.13,-0.06,-0.10,0.94,0.34,0.10,-0.33,0.94,1

15.64,0.29,0.03,-9.72,-0.70,3.27,-9.13,-0.70,3.27,-9.13,0.99,0.13,-0.06,-0.10,0.94,0.34,0.10,-0.33,0.94,1

15.68,0.27,0.02,-9.74,-0.71,3.27,-9.15,-0.71,3.27,-9.15,0.99,0.13,-0.06,-0.10,0.93,0.34,0.10,-0.33,0.94,1

15.71,0.30,0.02,-9.72,-0.69,3.27,-9.13,-0.69,3.27,-9.13,0.99,0.13,-0.06,-0.10,0.93,0.34,0.10,-0.33,0.94,1

15.74,0.29,0.02,-9.72,-0.70,3.28,-9.13,-0.70,3.28,-9.13,0.99,0.13,-0.06,-0.10,0.93,0.34,0.10,-0.33,0.94,1

15.77,0.28,0.02,-9.71,-0.71,3.28,-9.11,-0.71,3.28,-9.11,0.99,0.13,-0.06,-0.10,0.93,0.34,0.10,-0.33,0.94,1

15.81,0.29,0.06,-9.65,-0.69,3.30,-9.04,-0.69,3.30,-9.04,0.99,0.13,-0.06,-0.10,0.93,0.34,0.10,-0.33,0.94,1

15.84,0.28,0.01,-9.72,-0.71,3.29,-9.12,-0.71,3.29,-9.12,0.99,0.13,-0.06,-0.10,0.93,0.34,0.10,-0.33,0.94,1

15.87,0.27,0.03,-9.73,-0.73,3.31,-9.12,-0.73,3.31,-9.12,0.99,0.13,-0.06,-0.10,0.93,0.34,0.10,-0.33,0.94,1

15.91,0.29,0.03,-9.71,-0.71,3.32,-9.10,-0.71,3.32,-9.10,0.99,0.13,-0.06,-0.10,0.93,0.34,0.10,-0.33,0.94,1

15.94,0.28,0.02,-9.73,-0.72,3.33,-9.12,-0.72,3.33,-9.12,0.99,0.13,-0.06,-0.10,0.93,0.35,0.10,-0.34,0.94,1

15.97,0.29,0.03,-9.72,-0.71,3.33,-9.11,-0.71,3.33,-9.11,0.99,0.13,-0.06,-0.10,0.93,0.35,0.10,-0.34,0.94,1

16.00,0.28,0.02,-9.72,-0.73,3.33,-9.11,-0.73,3.33,-9.11,0.99,0.13,-0.06,-0.10,0.93,0.35,0.10,-0.34,0.94,1

16.04,0.28,0.02,-9.71,-0.73,3.34,-9.10,-0.73,3.34,-9.10,0.99,0.13,-0.06,-0.10,0.93,0.35,0.10,-0.34,0.94,1

16.07,0.30,0.02,-9.71,-0.71,3.35,-9.09,-0.71,3.35,-9.09,0.99,0.13,-0.06,-0.10,0.93,0.35,0.10,-0.34,0.94,1

16.10,0.30,0.02,-9.72,-0.72,3.35,-9.10,-0.72,3.35,-9.10,0.99,0.13,-0.06,-0.11,0.93,0.35,0.10,-0.34,0.94,1

16.14,0.26,0.01,-9.71,-0.75,3.34,-9.09,-0.75,3.34,-9.09,0.99,0.13,-0.06,-0.11,0.93,0.35,0.10,-0.34,0.93,1

16.17,0.28,0.02,-9.72,-0.73,3.36,-9.09,-0.73,3.36,-9.09,0.99,0.14,-0.06,-0.11,0.93,0.35,0.10,-0.34,0.93,1

16.20,0.31,0.02,-9.71,-0.71,3.37,-9.08,-0.71,3.37,-9.08,0.99,0.14,-0.06,-0.11,0.93,0.35,0.10,-0.34,0.93,1

16.24,0.29,0.02,-9.71,-0.73,3.37,-9.08,-0.73,3.37,-9.08,0.99,0.14,-0.06,-0.11,0.93,0.35,0.10,-0.34,0.93,1

16.27,0.28,0.03,-9.71,-0.74,3.39,-9.07,-0.74,3.39,-9.07,0.99,0.14,-0.06,-0.11,0.93,0.35,0.10,-0.34,0.93,1

16.30,0.29,0.03,-9.71,-0.74,3.40,-9.07,-0.74,3.40,-9.07,0.99,0.14,-0.06,-0.11,0.93,0.35,0.11,-0.34,0.93,1

16.34,0.31,0.01,-9.74,-0.72,3.40,-9.11,-0.72,3.40,-9.11,0.99,0.14,-0.06,-0.11,0.93,0.35,0.11,-0.34,0.93,1

16.37,0.28,0.02,-9.74,-0.75,3.41,-9.09,-0.75,3.41,-9.09,0.99,0.14,-0.06,-0.11,0.93,0.36,0.11,-0.34,0.93,1

16.40,0.27,0.02,-9.72,-0.77,3.41,-9.07,-0.77,3.41,-9.07,0.99,0.14,-0.06,-0.11,0.93,0.36,0.11,-0.35,0.93,1

16.43,0.31,0.01,-9.72,-0.73,3.41,-9.07,-0.73,3.41,-9.07,0.99,0.14,-0.06,-0.11,0.93,0.36,0.11,-0.35,0.93,1

16.47,0.28,0.03,-9.72,-0.76,3.43,-9.07,-0.76,3.43,-9.07,0.99,0.14,-0.06,-0.11,0.93,0.36,0.11,-0.35,0.93,1

16.50,0.34,0.01,-9.72,-0.70,3.43,-9.07,-0.70,3.43,-9.07,0.99,0.14,-0.06,-0.11,0.93,0.36,0.11,-0.35,0.93,1

16.53,0.25,0.03,-9.70,-0.79,3.44,-9.04,-0.79,3.44,-9.04,0.99,0.14,-0.06,-0.11,0.93,0.36,0.11,-0.35,0.93,1

16.57,0.25,0.05,-9.70,-0.80,3.45,-9.03,-0.80,3.45,-9.03,0.99,0.14,-0.06,-0.11,0.93,0.36,0.11,-0.35,0.93,1

16.60,0.32,0.02,-9.72,-0.73,3.46,-9.06,-0.73,3.46,-9.06,0.99,0.14,-0.06,-0.11,0.93,0.36,0.11,-0.35,0.93,1

16.63,0.29,0.01,-9.72,-0.77,3.45,-9.06,-0.77,3.45,-9.06,0.99,0.14,-0.06,-0.11,0.93,0.36,0.11,-0.35,0.93,1

16.66,0.26,0.02,-9.71,-0.80,3.46,-9.04,-0.80,3.46,-9.04,0.99,0.14,-0.06,-0.11,0.93,0.36,0.11,-0.35,0.93,1

16.70,0.31,0.01,-9.72,-0.75,3.47,-9.06,-0.75,3.47,-9.06,0.99,0.14,-0.06,-0.11,0.93,0.36,0.11,-0.35,0.93,1

16.73,0.30,0.01,-9.72,-0.76,3.47,-9.06,-0.76,3.47,-9.06,0.99,0.14,-0.06,-0.11,0.93,0.36,0.11,-0.35,0.93,1

16.76,0.29,0.02,-9.71,-0.77,3.49,-9.04,-0.77,3.49,-9.04,0.99,0.14,-0.06,-0.11,0.93,0.36,0.11,-0.35,0.93,1

16.80,0.27,0.03,-9.71,-0.80,3.49,-9.02,-0.80,3.49,-9.02,0.99,0.14,-0.06,-0.11,0.92,0.36,0.11,-0.35,0.93,1

16.83,0.28,0.02,-9.71,-0.79,3.50,-9.03,-0.79,3.50,-9.03,0.99,0.14,-0.06,-0.11,0.92,0.36,0.11,-0.35,0.93,1

16.86,0.33,0.02,-9.71,-0.75,3.50,-9.03,-0.75,3.50,-9.03,0.99,0.14,-0.06,-0.11,0.92,0.37,0.11,-0.35,0.93,1

16.90,0.27,0.01,-9.71,-0.80,3.50,-9.03,-0.80,3.50,-9.03,0.99,0.14,-0.06,-0.11,0.92,0.37,0.11,-0.35,0.93,1

16.93,0.27,0.01,-9.71,-0.81,3.50,-9.02,-0.81,3.50,-9.02,0.99,0.14,-0.06,-0.11,0.92,0.37,0.11,-0.36,0.93,1

16.96,0.32,0.03,-9.71,-0.76,3.53,-9.02,-0.76,3.53,-9.02,0.99,0.14,-0.06,-0.11,0.92,0.37,0.11,-0.36,0.93,1

16.99,0.29,0.03,-9.71,-0.80,3.53,-9.01,-0.80,3.53,-9.01,0.99,0.14,-0.06,-0.11,0.92,0.37,0.11,-0.36,0.93,1

17.03,0.27,0.02,-9.71,-0.82,3.53,-9.02,-0.82,3.53,-9.02,0.99,0.14,-0.06,-0.11,0.92,0.37,0.11,-0.36,0.93,1

17.06,0.29,0.03,-9.71,-0.80,3.55,-9.01,-0.80,3.55,-9.01,0.99,0.14,-0.06,-0.11,0.92,0.37,0.11,-0.36,0.93,1

17.09,0.31,0.00,-9.71,-0.78,3.54,-9.02,-0.78,3.54,-9.02,0.99,0.14,-0.06,-0.11,0.92,0.37,0.11,-0.36,0.93,1

