
0.00,0.18,0.07,-9.59,0.00,0.00,0.00,0.18,0.07,-9.59,1.00,-0.00,0.00,0.00,1.00,-0.00,-0.00,0.00,1.00,1

0.03,0.18,0.07,-9.60,0.00,0.00,0.00,0.17,0.08,-9.60,1.00,-0.00,0.00,0.00,1.00,-0.00,-0.00,0.00,1.00,1

0.07,0.19,0.07,-9.60,0.00,0.00,0.00,0.18,0.09,-9.60,1.00,-0.00,0.00,0.00,1.00,-0.00,-0.00,0.00,1.00,1

0.10,0.18,0.07,-9.61,0.00,0.00,0.00,0.18,0.10,-9.61,1.00,-0.00,0.00,0.00,1.00,-0.00,-0.00,0.00,1.00,1

0.13,0.18,0.07,-9.59,0.00,0.00,0.00,0.17,0.11,-9.59,1.00,-0.00,0.00,0.00,1.00,-0.00,-0.00,0.00,1.00,1

0.17,0.19,0.06,-9.61,0.00,0.00,0.00,0.18,0.10,-9.61,1.00,-0.00,0.00,0.00,1.00,-0.00,-0.00,0.00,1.00,1

0.20,0.18,0.07,-9.60,0.00,0.00,0.00,0.17,0.12,-9.60,1.00,-0.00,0.00,0.00,1.00,-0.01,-0.00,0.01,1.00,1

0.23,0.18,0.08,-9.61,0.00,0.00,0.00,0.17,0.14,-9.61,1.00,-0.00,0.00,0.00,1.00,-0.01,-0.00,0.01,1.00,1

0.26,0.19,0.07,-9.61,0.00,0.00,0.00,0.17,0.13,-9.61,1.00,-0.00,0.00,0.00,1.00,-0.01,-0.00,0.01,1.00,1

0.30,0.20,0.07,-9.61,0.00,0.00,0.00,0.18,0.14,-9.61,1.00,-0.00,0.00,0.00,1.00,-0.01,-0.00,0.01,1.00,1

0.33,0.18,0.08,-9.60,0.00,0.00,0.00,0.16,0.16,-9.60,1.00,-0.00,0.00,0.00,1.00,-0.01,-0.00,0.01,1.00,1

0.36,0.18,0.06,-9.59,0.00,0.00,0.00,0.16,0.14,-9.59,1.00,-0.00,0.00,0.00,1.00,-0.01,-0.00,0.01,1.00,1

0.40,0.18,0.08,-9.59,0.00,0.00,0.00,0.15,0.17,-9.59,1.00,-0.00,0.00,0.00,1.00,-0.01,-0.00,0.01,1.00,1

0.43,0.19,0.06,-9.61,0.00,0.00,0.00,0.16,0.17,-9.61,1.00,-0.00,0.00,0.00,1.00,-0.01,-0.00,0.01,1.00,1

0.46,0.18,0.07,-9.61,0.00,0.00,0.00,0.15,0.18,-9.61,1.00,-0.00,0.00,0.00,1.00,-0.01,-0.00,0.01,1.00,1

0.49,0.18,0.07,-9.62,0.00,0.00,0.00,0.15,0.19,-9.62,1.00,-0.00,0.00,0.00,1.00,-0.01,-0.00,0.01,1.00,1

0.53,0.19,0.07,-9.59,0.00,0.00,0.00,0.16,0.19,-9.59,1.00,-0.01,0.00,0.01,1.00,-0.01,-0.00,0.01,1.00,1

0.56,0.18,0.07,-9.61,0.00,0.00,0.00,0.14,0.21,-9.61,1.00,-0.01,0.00,0.01,1.00,-0.01,-0.00,0.01,1.00,1

0.59,0.18,0.07,-9.60,0.00,0.00,0.00,0.15,0.21,-9.60,1.00,-0.01,0.00,0.01,1.00,-0.01,-0.00,0.01,1.00,1

0.63,0.17,0.07,-9.61,0.00,0.00,0.00,0.14,0.21,-9.61,1.00,-0.01,0.00,0.01,1.00,-0.02,-0.00,0.02,1.00,1

0.66,0.18,0.07,-9.60,0.00,0.00,0.00,0.14,0.23,-9.60,1.00,-0.01,0.00,0.01,1.00,-0.02,-0.00,0.02,1.00,1

0.69,0.17,0.08,-9.60,0.00,0.00,0.00,0.13,0.24,-9.59,1.00,-0.01,0.00,0.01,1.00,-0.02,-0.00,0.02,1.00,1

0.73,0.20,0.07,-9.59,0.00,0.00,0.00,0.15,0.24,-9.59,1.00,-0.01,0.00,0.01,1.00,-0.02,-0.00,0.02,1.00,1

0.76,0.17,0.06,-9.60,0.00,0.00,0.00,0.13,0.24,-9.60,1.00,-0.01,0.00,0.01,1.00,-0.02,-0.00,0.02,1.00,1

0.79,0.17,0.07,-9.61,0.00,0.00,0.00,0.13,0.25,-9.60,1.00,-0.01,0.00,0.01,1.00,-0.02,-0.00,0.02,1.00,1

0.82,0.19,0.06,-9.61,0.00,0.00,0.00,0.14,0.25,-9.61,1.00,-0.01,0.00,0.01,1.00,-0.02,-0.00,0.02,1.00,1

0.86,0.22,0.01,-9.60,0.00,0.00,0.00,0.17,0.21,-9.60,1.00,-0.01,0.01,0.01,1.00,-0.02,-0.00,0.02,1.00,1

0.89,0.17,0.07,-9.62,0.00,0.00,0.00,0.12,0.28,-9.61,1.00,-0.01,0.01,0.01,1.00,-0.02,-0.01,0.02,1.00,1

0.92,0.18,0.07,-9.62,0.00,0.00,0.00,0.13,0.29,-9.62,1.00,-0.01,0.01,0.01,1.00,-0.02,-0.01,0.02,1.00,1

0.96,0.18,0.06,-9.60,0.00,0.00,0.00,0.12,0.28,-9.60,1.00,-0.01,0.01,0.01,1.00,-0.02,-0.01,0.02,1.00,1

0.99,0.18,0.08,-9.61,0.00,0.00,0.00,0.12,0.32,-9.61,1.00,-0.01,0.01,0.01,1.00,-0.02,-0.01,0.02,1.00,1

1.02,0.18,0.08,-9.61,0.00,0.00,0.00,0.12,0.32,-9.60,1.00,-0.01,0.01,0.01,1.00,-0.02,-0.01,0.02,1.00,1

1.06,0.17,0.07,-9.61,0.00,0.00,0.00,0.11,0.32,-9.61,1.00,-0.01,0.01,0.01,1.00,-0.03,-0.01,0.03,1.00,1

1.09,0.17,0.07,-9.61,0.00,0.00,0.00,0.11,0.32,-9.61,1.00,-0.01,0.01,0.01,1.00,-0.03,-0.01,0.03,1.00,1

1.12,0.17,0.09,-9.60,0.00,0.00,0.00,0.10,0.35,-9.60,1.00,-0.01,0.01,0.01,1.00,-0.03,-0.01,0.03,1.00,1

1.15,0.01,0.14,-9.61,0.00,0.00,0.00,-0.06,0.41,-9.60,1.00,-0.01,0.01,0.01,1.00,-0.03,-0.01,0.03,1.00,1

1.19,0.23,0.03,-9.61,0.00,0.00,0.00,0.16,0.31,-9.61,1.00,-0.01,0.01,0.01,1.00,-0.03,-0.01,0.03,1.00,1

1.22,0.19,0.03,-9.62,0.00,0.00,0.00,0.12,0.32,-9.62,1.00,-0.01,0.01,0.01,1.00,-0.03,-0.01,0.03,1.00,1

1.25,0.10,0.12,-9.61,0.00,0.00,0.00,0.02,0.41,-9.60,1.00,-0.01,0.01,0.01,1.00,-0.03,-0.01,0.03,1.00,1

1.29,0.51,0.30,-9.59,0.00,0.00,0.00,0.43,0.60,-9.58,1.00,-0.01,0.01,0.01,1.00,-0.03,-0.01,0.03,1.00,1

1.32,0.22,-0.11,-9.60,0.00,0.00,0.00,0.14,0.20,-9.60,1.00,-0.01,0.01,0.01,1.00,-0.03,-0.01,0.03,1.00,1

1.35,0.31,-0.17,-10.49,0.00,0.00,0.00,0.16,0.50,-10.48,1.00,-0.00,0.01,0.00,1.00,-0.06,-0.01,0.06,1.00,1

1.39,0.11,0.81,-10.48,0.00,0.00,0.00,-0.35,1.37,-10.42,1.00,0.00,0.04,-0.00,1.00,-0.05,-0.04,0.05,1.00,1

1.42,0.04,0.41,-7.72,0.00,0.00,0.00,-0.34,0.95,-7.67,1.00,0.00,0.05,0.00,1.00,-0.07,-0.05,0.07,1.00,1

1.45,-0.20,-0.01,-9.82,0.00,0.00,0.00,-0.65,0.83,-9.76,1.00,0.00,0.05,-0.00,1.00,-0.09,-0.05,0.09,1.00,1

1.48,-0.21,0.77,-10.22,0.00,0.00,0.00,-0.71,1.89,-10.05,1.00,0.01,0.05,-0.00,0.99,-0.11,-0.05,0.11,0.99,1

1.52,-0.18,1.19,-8.55,0.00,0.00,0.00,-0.53,2.44,-8.26,1.00,0.01,0.04,-0.00,0.99,-0.15,-0.04,0.15,0.99,1

1.55,-0.11,1.09,-9.68,0.00,0.00,0.00,-0.46,2.97,-9.27,1.00,0.01,0.04,-0.00,0.98,-0.20,-0.04,0.20,0.98,1

1.58,0.02,1.98,-10.05,0.00,0.00,0.00,-0.29,4.29,-9.30,1.00,0.01,0.03,-0.01,0.97,-0.23,-0.04,0.23,0.97,1

1.62,0.04,2.38,-9.14,0.00,0.00,0.00,-0.23,4.83,-8.12,1.00,0.02,0.03,-0.01,0.96,-0.28,-0.04,0.28,0.96,1

1.65,0.04,2.81,-8.73,0.00,0.00,0.00,-0.20,5.53,-7.31,1.00,0.02,0.03,-0.01,0.94,-0.33,-0.04,0.33,0.94,1

1.68,0.08,3.74,-9.70,0.00,0.00,0.00,-0.19,7.22,-7.47,1.00,0.02,0.04,-0.01,0.92,-0.39,-0.04,0.39,0.92,1

1.72,-0.18,4.90,-9.51,0.00,0.00,0.00,-0.66,8.76,-6.11,1.00,0.02,0.06,0.01,0.88,-0.47,-0.06,0.47,0.88,1

1.75,-0.35,4.40,-7.25,0.00,0.00,0.00,-0.78,7.58,-3.75,1.00,0.01,0.07,0.03,0.85,-0.53,-0.06,0.53,0.84,1

1.78,-0.42,5.20,-7.49,0.00,0.00,0.00,-0.80,8.60,-2.95,1.00,0.02,0.07,0.02,0.81,-0.59,-0.06,0.59,0.81,1

1.82,-0.29,6.51,-8.01,0.00,0.00,0.00,-0.63,10.10,-2.07,1.00,0.03,0.06,0.02,0.78,-0.63,-0.07,0.63,0.77,1

1.85,-0.33,7.08,-7.21,0.00,0.00,0.00,-0.58,10.08,-0.51,1.00,0.03,0.06,0.02,0.74,-0.67,-0.07,0.67,0.74,1

1.88,-0.39,6.53,-6.09,0.00,0.00,0.00,-0.48,8.92,0.39,1.00,0.04,0.05,0.01,0.70,-0.71,-0.06,0.71,0.70,1

1.91,-0.46,7.46,-6.42,0.00,0.00,0.00,-0.50,9.78,1.08,1.00,0.04,0.06,0.01,0.68,-0.73,-0.07,0.73,0.68,1

1.95,-0.29,7.87,-6.06,0.00,0.00,0.00,-0.30,9.78,1.77,1.00,0.05,0.06,0.01,0.67,-0.74,-0.07,0.74,0.67,1

1.98,-0.11,7.64,-5.68,0.00,0.00,0.00,-0.12,9.30,2.03,1.00,0.05,0.06,0.02,0.66,-0.75,-0.07,0.75,0.66,1

2.01,-0.32,7.77,-5.69,0.00,0.00,0.00,-0.28,9.36,2.28,1.00,0.05,0.06,0.01,0.65,-0.76,-0.07,0.76,0.64,1

2.05,-0.36,8.33,-5.94,0.00,0.00,0.00,-0.29,9.86,2.74,1.00,0.05,0.06,0.01,0.63,-0.78,-0.08,0.77,0.63,1

2.08,-0.23,8.13,-5.51,0.00,0.00,0.00,-0.16,9.29,3.18,1.00,0.05,0.06,0.02,0.60,-0.80,-0.08,0.80,0.60,1

2.11,-0.34,8.39,-5.20,0.00,0.00,0.00,-0.22,9.04,3.98,1.00,0.06,0.07,0.02,0.57,-0.82,-0.08,0.82,0.56,1

2.14,-0.30,8.93,-4.96,0.00,0.00,0.00,-0.10,8.98,4.89,1.00,0.06,0.07,0.02,0.54,-0.84,-0.08,0.84,0.53,1

2.18,0.06,8.05,-3.34,0.00,0.00,0.00,0.40,6.79,5.44,1.00,0.07,0.06,0.02,0.48,-0.88,-0.09,0.88,0.48,1

2.21,-0.09,9.47,-5.56,0.00,0.00,0.00,0.32,9.14,6.09,1.00,0.07,0.05,0.01,0.44,-0.90,-0.09,0.90,0.43,1

2.24,0.06,10.42,-4.01,0.00,0.00,0.00,0.71,7.81,7.95,1.00,0.08,0.05,0.01,0.40,-0.92,-0.09,0.91,0.39,1

2.27,0.21,9.18,-3.23,0.00,0.00,0.00,0.78,6.26,7.42,1.00,0.08,0.05,0.02,0.35,-0.94,-0.09,0.93,0.35,1

2.31,-0.50,9.34,-2.34,0.00,0.00,0.00,0.16,5.12,8.17,1.00,0.08,0.05,0.02,0.31,-0.95,-0.09,0.95,0.31,1

2.34,-0.13,10.35,-2.16,0.00,0.00,0.00,0.63,4.90,9.35,1.00,0.08,0.05,0.02,0.27,-0.96,-0.09,0.96,0.27,1

2.37,-0.02,9.67,-1.47,0.00,0.00,0.00,0.72,3.73,9.02,1.00,0.08,0.05,0.02,0.24,-0.97,-0.09,0.97,0.24,1

2.41,-0.42,9.96,-0.85,0.00,0.00,0.00,0.38,2.91,9.56,1.00,0.08,0.04,0.02,0.21,-0.98,-0.09,0.97,0.21,1

2.44,-0.01,10.06,-1.05,0.00,0.00,0.00,0.76,2.92,9.66,1.00,0.08,0.04,0.03,0.19,-0.98,-0.09,0.98,0.19,1

2.47,-0.20,9.02,-0.53,0.00,0.00,0.00,0.50,1.95,8.81,1.00,0.08,0.04,0.03,0.16,-0.99,-0.09,0.98,0.16,1

2.50,-0.28,10.40,-0.28,0.00,0.00,0.00,0.54,1.69,10.25,1.00,0.08,0.04,0.03,0.14,-0.99,-0.08,0.99,0.13,1

2.54,-0.06,12.08,-0.13,0.00,0.00,0.00,0.91,1.55,11.94,1.00,0.08,0.04,0.03,0.12,-0.99,-0.08,0.99,0.11,1

2.57,-0.22,8.95,0.40,0.00,0.00,0.00,0.49,0.48,8.94,1.00,0.08,0.03,0.03,0.10,-0.99,-0.08,0.99,0.10,1

2.60,-0.13,10.53,0.13,0.00,0.00,0.00,0.68,0.76,10.48,1.00,0.08,0.03,0.03,0.08,-1.00,-0.08,0.99,0.08,1

2.63,-0.29,9.88,0.11,0.00,0.00,0.00,0.44,0.60,9.86,1.00,0.07,0.03,0.03,0.07,-1.00,-0.08,0.99,0.07,1

2.67,-0.18,7.67,-1.04,0.00,0.00,0.00,0.37,1.55,7.58,1.00,0.08,0.04,0.03,0.07,-1.00,-0.08,0.99,0.06,1

2.70,-0.17,10.06,1.48,0.00,0.00,0.00,0.63,-0.84,10.12,1.00,0.07,0.03,0.03,0.06,-1.00,-0.08,1.00,0.06,1

2.73,-0.54,9.62,0.25,0.00,0.00,0.00,0.20,0.23,9.64,1.00,0.08,0.02,0.01,0.05,-1.00,-0.08,1.00,0.05,1

2.76,-0.09,10.17,0.70,0.00,0.00,0.00,0.71,-0.26,10.17,1.00,0.08,0.01,0.01,0.04,-1.00,-0.08,1.00,0.04,1

2.80,-0.19,9.70,0.57,0.00,0.00,0.00,0.55,-0.27,9.69,1.00,0.08,0.01,0.01,0.03,-1.00,-0.08,1.00,0.03,1

2.83,-0.24,10.02,0.88,0.00,0.00,0.00,0.54,-0.63,10.03,1.00,0.08,0.01,0.01,0.03,-1.00,-0.08,1.00,0.02,1

2.86,-0.03,10.03,1.07,0.00,0.00,0.00,0.76,-0.82,10.03,1.00,0.08,0.01,0.01,0.02,-1.00,-0.08,1.00,0.02,1

2.90,-0.09,10.06,1.15,0.00,0.00,0.00,0.69,-0.96,10.06,1.00,0.08,0.01,0.01,0.02,-1.00,-0.08,1.00,0.02,1

2.93,-0.19,9.86,1.08,0.00,0.00,0.00,0.58,-0.94,9.86,1.00,0.08,0.02,0.01,0.01,-1.00,-0.08,1.00,0.01,1

2.96,-0.18,9.90,1.72,0.00,0.00,0.00,0.59,-1.60,9.91,1.00,0.07,0.01,0.01,0.01,-1.00,-0.08,1.00,0.01,1

3.00,-0.27,9.83,1.39,0.00,0.00,0.00,0.46,-1.26,9.84,1.00,0.07,0.01,0.01,0.01,-1.00,-0.07,1.00,0.01,1

3.03,-0.23,10.06,0.82,0.00,0.00,0.00,0.48,-0.66,10.06,1.00,0.07,0.01,0.01,0.02,-1.00,-0.07,1.00,0.01,1

3.06,-0.15,10.90,0.81,0.00,0.00,0.00,0.66,-0.64,10.90,1.00,0.07,0.01,0.00,0.02,-1.00,-0.07,1.00,0.02,1

3.09,-0.19,9.57,0.94,0.00,0.00,0.00,0.57,-0.88,9.56,1.00,0.08,0.00,-0.00,0.01,-1.00,-0.08,1.00,0.01,1

3.13,-0.49,10.37,0.95,0.00,0.00,0.00,0.34,-1.02,10.37,1.00,0.08,0.00,0.00,-0.01,-1.00,-0.08,1.00,-0.01,1

3.16,-0.15,9.19,1.29,0.00,0.00,0.00,0.59,-1.33,9.16,1.00,0.08,0.00,0.00,-0.00,-1.00,-0.08,1.00,-0.00,1

3.19,0.31,10.27,1.26,0.00,0.00,0.00,1.13,-1.19,10.22,1.00,0.08,0.00,0.00,0.01,-1.00,-0.08,1.00,0.01,1

3.23,0.24,10.37,1.10,0.00,0.00,0.00,1.01,-0.90,10.34,1.00,0.07,0.00,0.00,0.02,-1.00,-0.07,1.00,0.02,1

3.26,-0.19,9.64,0.74,0.00,0.00,0.00,0.52,-0.44,9.64,1.00,0.07,0.00,0.00,0.03,-1.00,-0.07,1.00,0.03,1

3.29,-0.16,10.31,0.79,0.00,0.00,0.00,0.58,-0.37,10.32,1.00,0.07,0.01,0.00,0.04,-1.00,-0.07,1.00,0.04,1

3.32,0.18,9.71,0.77,0.00,0.00,0.00,0.82,-0.27,9.70,1.00,0.06,0.01,0.01,0.05,-1.00,-0.07,1.00,0.05,1

3.36,-0.01,10.35,0.55,0.00,0.00,0.00,0.72,0.01,10.34,1.00,0.07,0.01,0.01,0.05,-1.00,-0.07,1.00,0.05,1

3.39,-0.13,10.46,0.76,0.00,0.00,0.00,0.60,-0.28,10.47,1.00,0.07,0.02,0.01,0.05,-1.00,-0.07,1.00,0.05,1

3.42,-0.44,9.34,0.42,0.00,0.00,0.00,0.14,0.05,9.36,1.00,0.06,0.03,0.02,0.05,-1.00,-0.06,1.00,0.05,1

3.46,0.38,9.59,0.49,0.00,0.00,0.00,0.91,-0.07,9.57,1.00,0.05,0.03,0.03,0.04,-1.00,-0.06,1.00,0.04,1

3.49,0.41,9.37,1.91,0.00,0.00,0.00,1.10,-1.61,9.37,1.00,0.07,0.03,0.03,0.03,-1.00,-0.07,1.00,0.03,1

3.52,-0.96,9.53,0.11,0.00,0.00,0.00,-0.35,0.14,9.57,1.00,0.06,0.03,0.03,0.03,-1.00,-0.06,1.00,0.03,1

3.55,0.09,9.82,1.12,0.00,0.00,0.00,0.72,-0.80,9.83,1.00,0.06,0.03,0.03,0.03,-1.00,-0.06,1.00,0.03,1

3.59,-0.11,9.73,0.95,0.00,0.00,0.00,0.53,-0.69,9.74,1.00,0.06,0.03,0.03,0.03,-1.00,-0.06,1.00,0.02,1

3.62,-0.22,10.22,0.70,0.00,0.00,0.00,0.41,-0.45,10.22,1.00,0.06,0.03,0.03,0.03,-1.00,-0.06,1.00,0.02,1

3.65,-0.08,10.26,0.94,0.00,0.00,0.00,0.60,-0.74,10.26,1.00,0.06,0.03,0.02,0.02,-1.00,-0.06,1.00,0.02,1

3.69,-0.31,9.62,0.87,0.00,0.00,0.00,0.40,-0.80,9.62,1.00,0.07,0.03,0.03,0.01,-1.00,-0.07,1.00,0.01,1

3.72,0.07,9.71,1.02,0.00,0.00,0.00,0.77,-0.98,9.69,1.00,0.07,0.03,0.03,0.00,-1.00,-0.07,1.00,0.00,1

3.75,0.03,10.15,1.00,0.00,0.00,0.00,0.78,-1.05,10.11,1.00,0.07,0.03,0.03,-0.00,-1.00,-0.07,1.00,-0.01,1

3.79,-0.24,10.23,0.95,0.00,0.00,0.00,0.52,-1.08,10.20,1.00,0.07,0.03,0.03,-0.01,-1.00,-0.07,1.00,-0.01,1

3.82,-0.08,9.63,1.28,0.00,0.00,0.00,0.60,-1.40,9.60,1.00,0.07,0.03,0.03,-0.01,-1.00,-0.07,1.00,-0.01,1

3.85,0.51,9.52,1.55,0.00,0.00,0.00,1.25,-1.65,9.43,1.00,0.07,0.03,0.03,-0.01,-1.00,-0.07,1.00,-0.01,1

3.89,0.25,10.62,1.25,0.00,0.00,0.00,1.09,-1.35,10.56,1.00,0.08,0.02,0.02,-0.01,-1.00,-0.08,1.00,-0.01,1

3.92,-0.62,10.08,0.63,0.00,0.00,0.00,0.12,-0.68,10.09,1.00,0.07,0.02,0.02,-0.00,-1.00,-0.07,1.00,-0.01,1

3.95,-0.10,9.31,0.84,0.00,0.00,0.00,0.60,-0.95,9.28,1.00,0.07,0.02,0.02,-0.01,-1.00,-0.07,1.00,-0.01,1

3.98,-0.11,10.16,0.99,0.00,0.00,0.00,0.71,-1.17,10.11,1.00,0.08,0.02,0.02,-0.02,-1.00,-0.08,1.00,-0.02,1

4.02,0.23,10.00,1.37,0.00,0.00,0.00,1.02,-1.52,9.93,1.00,0.08,0.02,0.02,-0.02,-1.00,-0.08,1.00,-0.02,1

4.05,-0.00,9.83,1.09,0.00,0.00,0.00,0.78,-1.25,9.78,1.00,0.08,0.02,0.02,-0.02,-1.00,-0.08,1.00,-0.02,1

4.08,0.06,9.87,1.08,0.00,0.00,0.00,0.83,-1.26,9.82,1.00,0.08,0.02,0.02,-0.02,-1.00,-0.08,1.00,-0.02,1

4.12,0.19,9.95,1.29,0.00,0.00,0.00,0.93,-1.44,9.89,1.00,0.07,0.02,0.02,-0.02,-1.00,-0.07,1.00,-0.02,1

4.15,-0.12,9.74,0.86,0.00,0.00,0.00,0.60,-1.02,9.70,1.00,0.07,0.02,0.02,-0.02,-1.00,-0.07,1.00,-0.02,1

4.18,-0.04,10.32,1.03,0.00,0.00,0.00,0.70,-1.19,10.28,1.00,0.07,0.02,0.02,-0.02,-1.00,-0.07,1.00,-0.02,1

4.22,0.22,9.62,1.26,0.00,0.00,0.00,0.92,-1.44,9.55,1.00,0.07,0.02,0.02,-0.02,-1.00,-0.07,1.00,-0.02,1

4.25,-0.04,9.74,1.18,0.00,0.00,0.00,0.68,-1.41,9.68,1.00,0.07,0.02,0.02,-0.02,-1.00,-0.07,1.00,-0.02,1

4.28,-0.01,10.18,1.15,0.00,0.00,0.00,0.74,-1.38,10.13,1.00,0.07,0.02,0.03,-0.02,-1.00,-0.07,1.00,-0.02,1

4.32,-0.02,10.14,1.08,0.00,0.00,0.00,0.71,-1.31,10.09,1.00,0.07,0.02,0.03,-0.02,-1.00,-0.07,1.00,-0.02,1

4.35,-0.04,9.77,1.11,0.00,0.00,0.00,0.65,-1.33,9.73,1.00,0.07,0.03,0.03,-0.02,-1.00,-0.07,1.00,-0.02,1

4.38,-0.02,9.60,1.15,0.00,0.00,0.00,0.67,-1.38,9.55,1.00,0.07,0.03,0.03,-0.02,-1.00,-0.07,1.00,-0.03,1

4.41,0.11,10.38,1.09,0.00,0.00,0.00,0.84,-1.32,10.32,1.00,0.07,0.02,0.03,-0.02,-1.00,-0.07,1.00,-0.02,1

4.45,-0.01,10.23,1.09,0.00,0.00,0.00,0.65,-1.28,10.18,1.00,0.06,0.02,0.03,-0.02,-1.00,-0.06,1.00,-0.02,1

4.48,-0.04,9.38,0.96,0.00,0.00,0.00,0.53,-1.14,9.35,1.00,0.06,0.03,0.03,-0.02,-1.00,-0.06,1.00,-0.02,1

4.51,-0.05,9.87,0.93,0.00,0.00,0.00,0.56,-1.14,9.83,1.00,0.06,0.03,0.03,-0.02,-1.00,-0.06,1.00,-0.02,1

4.55,0.02,10.27,1.09,0.00,0.00,0.00,0.68,-1.30,10.22,1.00,0.06,0.03,0.03,-0.02,-1.00,-0.06,1.00,-0.02,1

4.58,-0.13,9.93,1.07,0.00,0.00,0.00,0.47,-1.26,9.90,1.00,0.06,0.03,0.03,-0.02,-1.00,-0.06,1.00,-0.02,1

4.61,-0.08,9.79,0.96,0.00,0.00,0.00,0.52,-1.13,9.76,1.00,0.06,0.03,0.03,-0.02,-1.00,-0.06,1.00,-0.02,1

4.64,-0.09,9.68,0.81,0.00,0.00,0.00,0.54,-0.94,9.65,1.00,0.06,0.03,0.03,-0.01,-1.00,-0.06,1.00,-0.02,1

4.68,-0.20,10.34,0.79,0.00,0.00,0.00,0.46,-0.94,10.32,1.00,0.06,0.03,0.03,-0.01,-1.00,-0.06,1.00,-0.02,1

4.71,0.08,9.69,0.95,0.00,0.00,0.00,0.73,-1.10,9.65,1.00,0.06,0.03,0.03,-0.02,-1.00,-0.06,1.00,-0.02,1

4.74,-0.14,9.85,0.90,0.00,0.00,0.00,0.53,-1.07,9.82,1.00,0.07,0.03,0.03,-0.02,-1.00,-0.06,1.00,-0.02,1

4.78,0.15,10.21,0.88,0.00,0.00,0.00,0.81,-1.03,10.17,1.00,0.06,0.03,0.03,-0.02,-1.00,-0.06,1.00,-0.02,1

4.81,0.08,9.72,0.91,0.00,0.00,0.00,0.72,-1.08,9.68,1.00,0.06,0.03,0.03,-0.02,-1.00,-0.06,1.00,-0.02,1

4.84,0.08,10.14,0.98,0.00,0.00,0.00,0.74,-1.16,10.10,1.00,0.06,0.03,0.03,-0.02,-1.00,-0.06,1.00,-0.02,1

4.87,0.00,9.82,0.88,0.00,0.00,0.00,0.64,-1.03,9.79,1.00,0.06,0.03,0.03,-0.02,-1.00,-0.06,1.00,-0.02,1

4.91,-0.11,9.90,0.63,0.00,0.00,0.00,0.55,-0.81,9.87,1.00,0.06,0.03,0.03,-0.02,-1.00,-0.06,1.00,-0.02,1

4.94,0.03,9.90,0.95,0.00,0.00,0.00,0.67,-1.13,9.86,1.00,0.06,0.03,0.03,-0.02,-1.00,-0.06,1.00,-0.02,1

4.97,0.10,9.94,0.93,0.00,0.00,0.00,0.71,-1.11,9.90,1.00,0.06,0.03,0.03,-0.02,-1.00,-0.06,1.00,-0.02,1

5.01,-0.05,9.81,0.79,0.00,0.00,0.00,0.55,-0.99,9.78,1.00,0.06,0.03,0.03,-0.02,-1.00,-0.06,1.00,-0.02,1

5.04,0.02,9.95,0.89,0.00,0.00,0.00,0.64,-1.11,9.90,1.00,0.06,0.03,0.03,-0.02,-1.00,-0.06,1.00,-0.02,1

5.07,0.05,9.95,0.93,0.00,0.00,0.00,0.65,-1.14,9.91,1.00,0.06,0.03,0.03,-0.02,-1.00,-0.06,1.00,-0.02,1

5.11,-0.01,9.98,0.81,0.00,0.00,0.00,0.60,-1.02,9.94,1.00,0.06,0.03,0.03,-0.02,-1.00,-0.06,1.00,-0.02,1

5.14,0.03,10.01,0.84,0.00,0.00,0.00,0.62,-1.04,9.97,1.00,0.06,0.03,0.04,-0.02,-1.00,-0.06,1.00,-0.02,1

5.17,-0.09,10.13,0.79,0.00,0.00,0.00,0.47,-0.98,10.10,1.00,0.05,0.04,0.04,-0.02,-1.00,-0.05,1.00,-0.02,1

5.20,0.03,9.77,0.80,0.00,0.00,0.00,0.56,-0.97,9.74,1.00,0.05,0.04,0.04,-0.02,-1.00,-0.05,1.00,-0.02,1

5.24,-0.10,9.94,0.63,0.00,0.00,0.00,0.44,-0.81,9.92,1.00,0.05,0.04,0.04,-0.02,-1.00,-0.05,1.00,-0.02,1

5.27,0.12,9.78,0.94,0.00,0.00,0.00,0.67,-1.12,9.74,1.00,0.05,0.04,0.04,-0.02,-1.00,-0.05,1.00,-0.02,1

5.30,-0.05,9.93,0.76,0.00,0.00,0.00,0.52,-0.96,9.90,1.00,0.05,0.04,0.04,-0.02,-1.00,-0.05,1.00,-0.02,1

5.34,-0.08,10.13,0.73,0.00,0.00,0.00,0.49,-0.95,10.10,1.00,0.05,0.04,0.04,-0.02,-1.00,-0.05,1.00,-0.02,1

5.37,-0.05,9.81,0.76,0.00,0.00,0.00,0.49,-0.99,9.78,1.00,0.05,0.04,0.04,-0.02,-1.00,-0.05,1.00,-0.03,1

5.40,0.08,9.86,0.80,0.00,0.00,0.00,0.63,-1.07,9.82,1.00,0.05,0.04,0.04,-0.03,-1.00,-0.05,1.00,-0.03,1

5.43,-0.03,10.04,0.84,0.00,0.00,0.00,0.54,-1.16,9.99,1.00,0.05,0.04,0.04,-0.03,-1.00,-0.05,1.00,-0.03,1

5.47,-0.26,10.17,0.90,0.00,0.00,0.00,0.26,-1.31,10.13,1.00,0.05,0.05,0.05,-0.04,-1.00,-0.05,1.00,-0.04,1

5.50,0.01,9.59,0.96,0.00,0.00,0.00,0.41,-1.43,9.53,1.00,0.04,0.06,0.06,-0.05,-1.00,-0.03,1.00,-0.05,1

5.53,-0.07,9.72,1.06,0.00,0.00,0.00,0.28,-1.61,9.64,1.00,0.03,0.06,0.06,-0.06,-1.00,-0.03,1.00,-0.06,1

5.57,-0.20,10.30,1.17,0.00,0.00,0.00,0.14,-1.87,10.20,1.00,0.03,0.06,0.07,-0.07,-1.00,-0.02,1.00,-0.07,1

5.60,0.00,9.86,1.35,0.00,0.00,0.00,0.41,-2.18,9.70,1.00,0.03,0.06,0.07,-0.08,-0.99,-0.03,1.00,-0.09,1

5.63,-0.07,10.33,1.60,0.00,0.00,0.00,0.47,-2.62,10.11,1.00,0.04,0.07,0.07,-0.10,-0.99,-0.04,0.99,-0.10,1

5.67,-0.16,10.47,1.56,0.00,0.00,0.00,0.47,-2.84,10.19,1.00,0.05,0.07,0.08,-0.12,-0.99,-0.04,0.99,-0.13,1

5.70,-0.29,9.88,1.94,0.00,0.00,0.00,0.41,-3.30,9.51,1.00,0.05,0.08,0.09,-0.14,-0.99,-0.04,0.99,-0.14,1

5.73,0.08,9.37,1.91,0.00,0.00,0.00,0.80,-3.37,8.91,0.99,0.06,0.09,0.10,-0.16,-0.98,-0.04,0.99,-0.16,1

5.76,0.12,10.26,2.32,0.00,0.00,0.00,0.96,-4.07,9.65,0.99,0.06,0.10,0.10,-0.18,-0.98,-0.04,0.98,-0.18,1

5.80,0.20,10.04,2.73,0.00,0.00,0.00,0.98,-4.53,9.32,0.99,0.05,0.10,0.11,-0.19,-0.98,-0.03,0.98,-0.19,1

5.83,0.11,8.99,2.52,0.00,0.00,0.00,0.77,-4.10,8.35,0.99,0.04,0.11,0.11,-0.18,-0.98,-0.02,0.98,-0.19,1

5.86,-0.16,8.87,2.14,0.00,0.00,0.00,0.54,-3.84,8.27,0.99,0.05,0.11,0.12,-0.20,-0.97,-0.03,0.98,-0.20,1

5.90,-0.12,9.53,2.64,0.00,0.00,0.00,0.70,-4.84,8.59,0.99,0.06,0.10,0.11,-0.24,-0.96,-0.03,0.97,-0.25,1

5.93,0.18,9.71,3.66,0.00,0.00,0.00,1.12,-6.11,8.32,0.99,0.06,0.10,0.11,-0.27,-0.96,-0.03,0.96,-0.27,1

5.96,0.21,9.18,3.68,0.00,0.00,0.00,1.23,-6.24,7.58,0.99,0.07,0.09,0.11,-0.30,-0.95,-0.04,0.95,-0.31,1

6.00,-0.03,9.19,3.91,0.00,0.00,0.00,1.06,-6.80,7.23,0.99,0.08,0.09,0.11,-0.34,-0.93,-0.04,0.94,-0.35,1

6.03,0.45,9.68,4.90,0.00,0.00,0.00,1.68,-8.03,7.11,0.99,0.08,0.09,0.11,-0.37,-0.92,-0.05,0.93,-0.37,1

6.06,0.44,8.34,4.50,0.00,0.00,0.00,1.51,-7.16,6.05,0.99,0.09,0.08,0.10,-0.36,-0.93,-0.05,0.93,-0.37,1

6.09,-0.04,9.64,4.53,0.00,0.00,0.00,1.27,-7.75,7.19,0.99,0.10,0.08,0.11,-0.37,-0.92,-0.06,0.92,-0.38,1

6.13,0.52,8.72,4.81,0.00,0.00,0.00,1.81,-7.77,5.98,0.99,0.10,0.08,0.12,-0.40,-0.91,-0.06,0.91,-0.40,1

6.16,0.37,7.92,4.65,0.00,0.00,0.00,1.55,-7.56,4.99,0.99,0.11,0.07,0.11,-0.44,-0.89,-0.06,0.89,-0.44,1

6.19,0.64,8.82,5.17,0.00,0.00,0.00,2.03,-8.57,5.22,0.99,0.12,0.07,0.12,-0.47,-0.88,-0.07,0.88,-0.48,1

6.23,-0.03,8.31,5.68,0.00,0.00,0.00,1.40,-9.10,4.08,0.99,0.13,0.07,0.12,-0.51,-0.85,-0.07,0.85,-0.52,1

6.26,0.33,8.44,6.50,0.00,0.00,0.00,1.73,-10.09,2.94,0.99,0.13,0.05,0.12,-0.58,-0.81,-0.07,0.80,-0.59,1

6.29,0.78,8.28,7.54,0.00,0.00,0.00,2.09,-10.94,1.39,0.99,0.13,0.04,0.11,-0.64,-0.76,-0.08,0.76,-0.64,1

6.33,0.23,5.34,5.99,0.00,0.00,0.00,1.07,-7.95,-0.29,0.99,0.13,0.03,0.11,-0.68,-0.72,-0.07,0.72,-0.69,1

6.36,0.85,7.00,8.62,0.00,0.00,0.00,1.96,-10.86,-1.55,0.99,0.13,0.02,0.11,-0.72,-0.69,-0.07,0.68,-0.73,1

6.39,0.35,5.82,8.95,0.00,0.00,0.00,1.27,-10.18,-2.99,0.99,0.13,0.02,0.11,-0.75,-0.66,-0.07,0.65,-0.75,1

6.42,0.03,4.91,7.78,0.00,0.00,0.00,0.72,-8.67,-2.99,0.99,0.13,0.00,0.11,-0.77,-0.63,-0.08,0.62,-0.78,1

6.46,0.21,5.66,9.50,0.00,0.00,0.00,0.95,-10.15,-4.29,0.99,0.13,-0.00,0.11,-0.79,-0.60,-0.08,0.59,-0.80,1

6.49,0.57,4.80,8.50,0.00,0.00,0.00,1.14,-8.67,-4.37,0.99,0.13,-0.01,0.10,-0.82,-0.57,-0.08,0.56,-0.83,1

6.53,0.31,3.80,8.32,0.00,0.00,0.00,0.70,-7.55,-5.14,0.99,0.13,-0.01,0.10,-0.84,-0.52,-0.08,0.52,-0.85,1

6.56,0.40,4.27,9.77,0.00,0.00,0.00,0.93,-8.46,-6.44,0.99,0.14,-0.00,0.12,-0.86,-0.49,-0.07,0.49,-0.87,1

6.59,0.23,3.25,10.17,0.00,0.00,0.00,0.56,-7.34,-7.74,0.99,0.14,-0.01,0.12,-0.89,-0.44,-0.07,0.43,-0.90,1

6.62,0.60,2.58,9.42,0.00,0.00,0.00,0.68,-5.71,-7.92,0.99,0.14,-0.03,0.12,-0.93,-0.36,-0.07,0.35,-0.93,1

6.66,0.31,2.04,10.82,0.00,0.00,0.00,0.13,-5.03,-9.80,0.99,0.13,-0.04,0.12,-0.95,-0.29,-0.08,0.28,-0.96,1

6.69,0.50,1.39,9.42,0.00,0.00,0.00,0.13,-3.25,-8.97,0.99,0.13,-0.06,0.11,-0.97,-0.21,-0.08,0.20,-0.98,1

6.72,0.50,0.67,9.81,0.00,0.00,0.00,-0.04,-1.95,-9.65,0.99,0.11,-0.06,0.10,-0.99,-0.14,-0.08,0.13,-0.99,1

6.76,0.41,-0.96,10.49,0.00,0.00,0.00,-0.39,0.09,-10.53,0.99,0.10,-0.07,0.10,-0.99,-0.09,-0.08,0.08,-0.99,1

6.79,0.01,-1.54,10.08,0.00,0.00,0.00,-0.83,0.93,-10.12,0.99,0.10,-0.07,0.10,-0.99,-0.06,-0.07,0.05,-1.00,1

6.82,0.43,-1.36,10.34,0.00,0.00,0.00,-0.37,0.85,-10.40,0.99,0.09,-0.06,0.09,-0.99,-0.05,-0.07,0.05,-1.00,1

6.86,0.53,-1.26,10.09,0.00,0.00,0.00,-0.26,0.93,-10.14,0.99,0.09,-0.07,0.09,-1.00,-0.04,-0.07,0.03,-1.00,1

6.89,0.59,-1.28,9.84,0.00,0.00,0.00,-0.21,1.16,-9.87,0.99,0.09,-0.07,0.09,-1.00,-0.02,-0.07,0.01,-1.00,1

6.92,0.34,-1.75,9.84,0.00,0.00,0.00,-0.45,1.64,-9.85,0.99,0.09,-0.07,0.08,-1.00,-0.01,-0.07,0.01,-1.00,1

6.95,0.58,-1.65,10.69,0.00,0.00,0.00,-0.26,1.73,-10.69,0.99,0.08,-0.06,0.08,-1.00,0.00,-0.06,-0.01,-1.00,1

6.99,0.62,-2.15,10.46,0.00,0.00,0.00,-0.27,2.54,-10.39,0.99,0.08,-0.07,0.08,-1.00,0.03,-0.07,-0.04,-1.00,1

7.02,0.41,-2.01,9.30,0.00,0.00,0.00,-0.39,2.42,-9.20,0.99,0.08,-0.07,0.08,-1.00,0.04,-0.07,-0.05,-1.00,1

7.05,0.44,-2.33,8.33,0.00,0.00,0.00,-0.25,2.61,-8.25,1.00,0.06,-0.06,0.07,-1.00,0.03,-0.06,-0.03,-1.00,1

7.09,0.65,-2.70,10.79,0.00,0.00,0.00,-0.23,3.04,-10.72,1.00,0.06,-0.07,0.07,-1.00,0.03,-0.06,-0.03,-1.00,1

7.12,0.42,-2.23,9.84,0.00,0.00,0.00,-0.36,2.54,-9.77,1.00,0.06,-0.06,0.06,-1.00,0.03,-0.06,-0.03,-1.00,1

7.15,0.78,-2.37,10.46,0.00,0.00,0.00,-0.03,2.64,-10.42,1.00,0.06,-0.06,0.07,-1.00,0.02,-0.06,-0.03,-1.00,1

7.18,0.62,-1.61,9.01,0.00,0.00,0.00,-0.10,1.80,-8.99,1.00,0.06,-0.07,0.07,-1.00,0.02,-0.07,-0.02,-1.00,1

7.22,0.24,-2.05,9.77,0.00,0.00,0.00,-0.55,2.27,-9.71,1.00,0.06,-0.07,0.07,-1.00,0.02,-0.07,-0.03,-1.00,1

7.25,0.75,-2.07,10.56,0.00,0.00,0.00,-0.11,2.33,-10.54,1.00,0.06,-0.07,0.07,-1.00,0.02,-0.07,-0.02,-1.00,1

7.28,0.45,-2.00,9.43,0.00,0.00,0.00,-0.33,2.23,-9.38,1.00,0.06,-0.07,0.07,-1.00,0.02,-0.07,-0.03,-1.00,1

7.32,0.46,-2.07,10.12,0.00,0.00,0.00,-0.38,2.31,-10.08,1.00,0.06,-0.07,0.07,-1.00,0.02,-0.07,-0.03,-1.00,1

7.35,0.55,-2.01,10.17,0.00,0.00,0.00,-0.30,2.24,-10.13,1.00,0.06,-0.07,0.07,-1.00,0.02,-0.07,-0.02,-1.00,1

7.38,0.44,-1.78,9.32,0.00,0.00,0.00,-0.35,2.01,-9.28,1.00,0.07,-0.07,0.07,-1.00,0.02,-0.07,-0.03,-1.00,1

7.42,0.32,-2.16,10.13,0.00,0.00,0.00,-0.55,2.44,-10.06,1.00,0.07,-0.07,0.07,-1.00,0.03,-0.07,-0.03,-1.00,1

7.45,0.51,-2.04,10.14,0.00,0.00,0.00,-0.36,2.24,-10.11,1.00,0.07,-0.07,0.07,-1.00,0.02,-0.07,-0.02,-1.00,1

7.48,0.36,-1.61,9.03,0.00,0.00,0.00,-0.38,1.73,-9.01,1.00,0.07,-0.07,0.07,-1.00,0.01,-0.07,-0.02,-1.00,1

7.51,0.43,-1.89,9.97,0.00,0.00,0.00,-0.38,2.09,-9.93,1.00,0.07,-0.07,0.07,-1.00,0.02,-0.07,-0.02,-1.00,1

7.55,0.58,-1.75,9.98,0.00,0.00,0.00,-0.23,1.95,-9.95,1.00,0.07,-0.07,0.07,-1.00,0.02,-0.07,-0.02,-1.00,1

7.58,0.34,-2.07,9.90,0.00,0.00,0.00,-0.47,2.21,-9.86,1.00,0.06,-0.07,0.07,-1.00,0.01,-0.07,-0.02,-1.00,1

7.61,0.42,-1.73,9.86,0.00,0.00,0.00,-0.36,1.86,-9.84,1.00,0.06,-0.07,0.07,-1.00,0.01,-0.07,-0.02,-1.00,1

7.65,0.55,-1.45,9.68,0.00,0.00,0.00,-0.20,1.55,-9.68,1.00,0.06,-0.07,0.06,-1.00,0.01,-0.07,-0.01,-1.00,1

7.68,0.47,-2.04,10.34,0.00,0.00,0.00,-0.37,2.10,-10.34,1.00,0.06,-0.07,0.06,-1.00,0.00,-0.07,-0.01,-1.00,1

7.71,0.59,-1.62,9.81,0.00,0.00,0.00,-0.20,1.68,-9.82,1.00,0.06,-0.07,0.06,-1.00,0.00,-0.07,-0.01,-1.00,1

7.75,0.39,-1.75,9.95,0.00,0.00,0.00,-0.41,1.79,-9.94,1.00,0.06,-0.07,0.06,-1.00,0.00,-0.07,-0.01,-1.00,1

7.78,0.36,-1.60,9.70,0.00,0.00,0.00,-0.42,1.68,-9.69,1.00,0.06,-0.07,0.06,-1.00,0.01,-0.07,-0.01,-1.00,1

7.81,0.45,-1.80,10.34,0.00,0.00,0.00,-0.39,2.00,-10.31,1.00,0.06,-0.07,0.06,-1.00,0.02,-0.07,-0.02,-1.00,1

7.84,0.40,-1.84,9.76,0.00,0.00,0.00,-0.43,2.10,-9.71,1.00,0.06,-0.07,0.06,-1.00,0.02,-0.07,-0.03,-1.00,1

7.88,0.35,-1.72,9.87,0.00,0.00,0.00,-0.46,1.97,-9.82,1.00,0.06,-0.07,0.06,-1.00,0.02,-0.07,-0.03,-1.00,1

7.91,0.35,-2.03,10.31,0.00,0.00,0.00,-0.49,2.18,-10.27,1.00,0.06,-0.07,0.06,-1.00,0.01,-0.07,-0.02,-1.00,1

7.94,0.38,-1.51,9.50,0.00,0.00,0.00,-0.36,1.61,-9.49,1.00,0.06,-0.07,0.06,-1.00,0.01,-0.07,-0.01,-1.00,1

7.98,0.65,-1.26,9.95,0.00,0.00,0.00,-0.11,1.30,-9.96,1.00,0.05,-0.07,0.05,-1.00,0.00,-0.07,-0.00,-1.00,1

8.01,0.46,-1.75,10.00,0.00,0.00,0.00,-0.33,1.68,-10.02,1.00,0.05,-0.07,0.05,-1.00,-0.01,-0.07,0.01,-1.00,1

8.04,0.21,-1.71,10.07,0.00,0.00,0.00,-0.59,1.66,-10.06,1.00,0.05,-0.07,0.05,-1.00,-0.01,-0.07,0.00,-1.00,1

8.08,0.38,-1.58,10.11,0.00,0.00,0.00,-0.41,1.59,-10.11,1.00,0.05,-0.07,0.05,-1.00,-0.00,-0.07,-0.00,-1.00,1

8.11,0.35,-1.96,9.85,0.00,0.00,0.00,-0.44,1.96,-9.85,1.00,0.05,-0.07,0.05,-1.00,-0.00,-0.07,-0.00,-1.00,1

8.14,0.33,-1.44,9.71,0.00,0.00,0.00,-0.42,1.40,-9.71,1.00,0.05,-0.07,0.05,-1.00,-0.01,-0.07,0.00,-1.00,1

8.18,0.31,-1.48,10.19,0.00,0.00,0.00,-0.47,1.48,-10.19,1.00,0.05,-0.07,0.05,-1.00,-0.00,-0.07,-0.00,-1.00,1

8.21,0.38,-1.62,10.47,0.00,0.00,0.00,-0.44,1.64,-10.47,1.00,0.05,-0.07,0.05,-1.00,0.00,-0.07,-0.00,-1.00,1

8.24,0.41,-1.40,9.64,0.00,0.00,0.00,-0.36,1.42,-9.64,1.00,0.05,-0.07,0.05,-1.00,0.00,-0.07,-0.00,-1.00,1

8.27,0.42,-1.44,9.95,0.00,0.00,0.00,-0.36,1.44,-9.95,1.00,0.05,-0.07,0.05,-1.00,-0.00,-0.07,-0.00,-1.00,1

8.31,0.40,-1.41,10.13,0.00,0.00,0.00,-0.38,1.40,-10.13,1.00,0.05,-0.07,0.05,-1.00,-0.00,-0.07,-0.00,-1.00,1

8.34,0.31,-1.41,9.66,0.00,0.00,0.00,-0.44,1.37,-9.66,1.00,0.05,-0.07,0.05,-1.00,-0.01,-0.07,0.00,-1.00,1

8.37,0.36,-1.52,10.19,0.00,0.00,0.00,-0.41,1.42,-10.20,1.00,0.05,-0.07,0.05,-1.00,-0.01,-0.07,0.01,-1.00,1

8.41,0.50,-1.27,10.09,0.00,0.00,0.00,-0.25,1.19,-10.11,1.00,0.05,-0.07,0.05,-1.00,-0.01,-0.07,0.01,-1.00,1

8.44,0.35,-1.41,9.90,0.00,0.00,0.00,-0.40,1.38,-9.90,1.00,0.05,-0.07,0.05,-1.00,-0.00,-0.07,0.00,-1.00,1

8.47,0.39,-1.44,10.14,0.00,0.00,0.00,-0.39,1.45,-10.14,1.00,0.05,-0.07,0.05,-1.00,-0.00,-0.07,-0.00,-1.00,1

8.51,0.38,-1.33,9.94,0.00,0.00,0.00,-0.36,1.31,-9.94,1.00,0.04,-0.07,0.04,-1.00,-0.00,-0.07,0.00,-1.00,1

8.54,0.35,-1.49,9.99,0.00,0.00,0.00,-0.40,1.46,-9.99,1.00,0.04,-0.07,0.04,-1.00,-0.00,-0.07,0.00,-1.00,1

8.57,0.47,-1.31,9.95,0.00,0.00,0.00,-0.25,1.22,-9.97,1.00,0.04,-0.07,0.04,-1.00,-0.01,-0.07,0.01,-1.00,1

8.60,0.40,-1.35,10.06,0.00,0.00,0.00,-0.32,1.22,-10.08,1.00,0.04,-0.07,0.04,-1.00,-0.01,-0.07,0.01,-1.00,1

8.64,0.35,-1.27,10.06,0.00,0.00,0.00,-0.38,1.16,-10.07,1.00,0.04,-0.07,0.04,-1.00,-0.01,-0.07,0.01,-1.00,1

8.67,0.33,-1.49,9.90,0.00,0.00,0.00,-0.38,1.40,-9.91,1.00,0.04,-0.07,0.04,-1.00,-0.01,-0.07,0.01,-1.00,1

8.70,0.31,-1.33,9.68,0.00,0.00,0.00,-0.38,1.32,-9.68,1.00,0.04,-0.07,0.04,-1.00,-0.00,-0.07,0.00,-1.00,1

8.74,0.37,-1.48,10.18,0.00,0.00,0.00,-0.36,1.52,-10.18,1.00,0.04,-0.07,0.04,-1.00,0.00,-0.07,-0.00,-1.00,1

8.77,0.33,-1.41,10.01,0.00,0.00,0.00,-0.39,1.44,-10.00,1.00,0.04,-0.07,0.04,-1.00,0.00,-0.07,-0.00,-1.00,1

8.80,0.42,-1.23,9.78,0.00,0.00,0.00,-0.27,1.24,-9.79,1.00,0.04,-0.07,0.04,-1.00,-0.00,-0.07,-0.00,-1.00,1

8.83,0.40,-1.31,10.02,0.00,0.00,0.00,-0.31,1.33,-10.03,1.00,0.04,-0.07,0.04,-1.00,0.00,-0.07,-0.00,-1.00,1

8.87,0.36,-1.34,9.87,0.00,0.00,0.00,-0.34,1.34,-9.87,1.00,0.04,-0.07,0.04,-1.00,-0.00,-0.07,-0.00,-1.00,1

8.90,0.43,-1.23,9.78,0.00,0.00,0.00,-0.26,1.20,-9.79,1.00,0.04,-0.07,0.04,-1.00,-0.00,-0.07,0.00,-1.00,1

8.93,0.36,-1.19,9.89,0.00,0.00,0.00,-0.32,1.12,-9.90,1.00,0.04,-0.06,0.04,-1.00,-0.01,-0.07,0.01,-1.00,1

8.97,0.42,-1.15,9.97,0.00,0.00,0.00,-0.28,1.09,-9.98,1.00,0.04,-0.07,0.04,-1.00,-0.01,-0.07,0.01,-1.00,1

9.00,0.30,-1.49,10.40,0.00,0.00,0.00,-0.44,1.45,-10.41,1.00,0.04,-0.07,0.04,-1.00,-0.00,-0.07,0.00,-1.00,1

9.03,0.49,-1.09,9.76,0.00,0.00,0.00,-0.19,1.08,-9.77,1.00,0.04,-0.07,0.04,-1.00,-0.00,-0.07,0.00,-1.00,1

9.06,0.38,-1.29,10.00,0.00,0.00,0.00,-0.32,1.30,-10.00,1.00,0.03,-0.07,0.03,-1.00,0.00,-0.07,-0.00,-1.00,1

9.10,0.42,-1.25,10.07,0.00,0.00,0.00,-0.28,1.28,-10.07,1.00,0.03,-0.07,0.03,-1.00,0.00,-0.07,-0.00,-1.00,1

9.13,0.30,-1.35,9.96,0.00,0.00,0.00,-0.39,1.39,-9.95,1.00,0.03,-0.07,0.03,-1.00,0.00,-0.06,-0.01,-1.00,1

9.16,0.30,-1.47,10.13,0.00,0.00,0.00,-0.40,1.48,-10.12,1.00,0.03,-0.06,0.03,-1.00,0.00,-0.06,-0.00,-1.00,1

9.20,0.45,-1.13,9.89,0.00,0.00,0.00,-0.23,1.15,-9.90,1.00,0.03,-0.06,0.03,-1.00,0.00,-0.06,-0.00,-1.00,1

9.23,0.40,-1.24,10.26,0.00,0.00,0.00,-0.30,1.26,-10.26,1.00,0.03,-0.06,0.03,-1.00,0.00,-0.06,-0.00,-1.00,1

9.26,0.41,-1.24,10.07,0.00,0.00,0.00,-0.30,1.28,-10.07,1.00,0.03,-0.07,0.03,-1.00,0.00,-0.07,-0.00,-1.00,1

9.30,0.28,-1.33,10.09,0.00,0.00,0.00,-0.46,1.38,-10.07,1.00,0.03,-0.07,0.03,-1.00,0.00,-0.07,-0.01,-1.00,1

9.33,0.33,-1.32,10.14,0.00,0.00,0.00,-0.40,1.42,-10.12,1.00,0.03,-0.07,0.03,-1.00,0.01,-0.07,-0.01,-1.00,1

9.36,0.28,-1.44,10.38,0.00,0.00,0.00,-0.49,1.61,-10.35,1.00,0.03,-0.07,0.03,-1.00,0.02,-0.07,-0.02,-1.00,1

9.39,0.17,-1.61,9.97,0.00,0.00,0.00,-0.58,1.83,-9.92,1.00,0.03,-0.07,0.03,-1.00,0.02,-0.07,-0.02,-1.00,1

9.43,0.39,-1.70,10.25,0.00,0.00,0.00,-0.33,1.99,-10.20,1.00,0.02,-0.07,0.02,-1.00,0.03,-0.07,-0.03,-1.00,1

9.46,0.44,-1.33,10.21,0.00,0.00,0.00,-0.28,1.69,-10.16,1.00,0.02,-0.07,0.02,-1.00,0.03,-0.07,-0.04,-1.00,1

9.49,0.21,-1.60,9.86,0.00,0.00,0.00,-0.54,2.01,-9.77,1.00,0.02,-0.07,0.02,-1.00,0.04,-0.07,-0.04,-1.00,1

9.53,0.29,-1.74,9.58,0.00,0.00,0.00,-0.39,2.25,-9.47,1.00,0.02,-0.07,0.02,-1.00,0.05,-0.07,-0.05,-1.00,1

9.56,0.43,-1.91,10.49,0.00,0.00,0.00,-0.32,2.72,-10.31,1.00,0.02,-0.07,0.02,-1.00,0.08,-0.07,-0.08,-0.99,1

9.59,0.42,-2.26,10.37,0.00,0.00,0.00,-0.38,3.32,-10.09,1.00,0.02,-0.07,0.03,-0.99,0.10,-0.07,-0.10,-0.99,1

9.63,0.19,-2.28,8.84,0.00,0.00,0.00,-0.43,3.50,-8.42,1.00,0.02,-0.07,0.03,-0.99,0.14,-0.06,-0.14,-0.99,1

9.66,0.46,-2.83,9.86,0.00,0.00,0.00,-0.16,4.56,-9.20,1.00,0.02,-0.06,0.03,-0.98,0.18,-0.05,-0.18,-0.98,1

9.69,0.46,-3.89,10.54,0.00,0.00,0.00,-0.28,6.14,-9.42,1.00,0.03,-0.06,0.04,-0.97,0.22,-0.05,-0.22,-0.97,1

9.73,0.35,-3.51,8.15,0.00,0.00,0.00,-0.23,5.57,-6.91,1.00,0.03,-0.06,0.04,-0.96,0.27,-0.05,-0.27,-0.96,1

9.76,0.41,-4.07,8.79,0.00,0.00,0.00,-0.14,6.60,-7.10,1.00,0.03,-0.05,0.04,-0.95,0.31,-0.04,-0.31,-0.95,1

9.79,0.51,-5.37,10.08,0.00,0.00,0.00,-0.17,8.59,-7.55,1.00,0.03,-0.05,0.05,-0.94,0.35,-0.04,-0.35,-0.93,1

9.82,0.31,-5.26,8.81,0.00,0.00,0.00,-0.40,8.24,-6.10,1.00,0.04,-0.06,0.06,-0.92,0.38,-0.04,-0.39,-0.92,1

9.86,0.24,-4.65,7.32,0.00,0.00,0.00,-0.33,7.30,-4.68,1.00,0.04,-0.05,0.06,-0.91,0.42,-0.03,-0.42,-0.91,1

9.89,0.33,-6.10,8.42,0.00,0.00,0.00,-0.36,9.39,-4.46,1.00,0.04,-0.05,0.06,-0.88,0.48,-0.03,-0.48,-0.88,1

9.92,-0.03,-7.18,8.58,0.00,0.00,0.00,-0.91,10.61,-3.45,1.00,0.05,-0.06,0.07,-0.85,0.53,-0.02,-0.53,-0.85,1

9.96,-0.73,-5.82,5.46,0.00,0.00,0.00,-1.46,7.81,-1.08,1.00,0.05,-0.08,0.09,-0.82,0.57,-0.03,-0.58,-0.82,1

9.99,0.18,-7.83,7.54,0.00,0.00,0.00,-0.83,10.79,-1.07,1.00,0.05,-0.08,0.09,-0.78,0.61,-0.03,-0.62,-0.78,1

10.02,-0.04,-8.18,7.09,0.00,0.00,0.00,-0.99,10.78,-0.12,1.00,0.04,-0.08,0.09,-0.76,0.64,-0.04,-0.65,-0.76,1

10.06,-0.21,-7.36,5.83,0.00,0.00,0.00,-1.03,9.32,0.49,0.99,0.03,-0.10,0.09,-0.75,0.65,-0.05,-0.66,-0.75,1

10.09,2.66,-10.05,4.27,0.00,0.00,0.00,1.99,10.51,3.46,0.99,0.02,-0.11,0.09,-0.74,0.67,-0.07,-0.67,-0.74,1

10.12,0.21,-8.08,5.81,0.00,0.00,0.00,-0.53,9.83,1.45,0.99,0.01,-0.11,0.09,-0.72,0.69,-0.07,-0.70,-0.72,1

10.15,0.08,-7.83,5.38,0.00,0.00,0.00,-0.57,9.32,1.73,0.99,0.01,-0.10,0.08,-0.71,0.70,-0.06,-0.71,-0.71,1

10.19,0.29,-8.42,5.50,0.00,0.00,0.00,-0.36,9.81,2.23,1.00,0.01,-0.10,0.08,-0.69,0.71,-0.06,-0.72,-0.69,1

10.22,-0.27,-8.40,5.24,0.00,0.00,0.00,-0.85,9.50,2.68,1.00,0.01,-0.09,0.08,-0.68,0.73,-0.05,-0.74,-0.67,1

10.25,-0.02,-8.11,4.63,0.00,0.00,0.00,-0.50,8.74,3.25,1.00,0.01,-0.08,0.07,-0.64,0.76,-0.05,-0.77,-0.64,1

10.29,0.51,-9.41,3.88,0.00,0.00,0.00,0.16,8.60,5.47,1.00,0.01,-0.07,0.06,-0.57,0.82,-0.04,-0.82,-0.57,1

10.32,-0.51,-9.39,3.73,0.00,0.00,0.00,-0.74,7.87,6.32,1.00,-0.00,-0.06,0.05,-0.50,0.87,-0.03,-0.87,-0.50,1

10.35,-0.11,-8.74,3.08,0.00,0.00,0.00,-0.29,6.79,6.31,1.00,-0.00,-0.06,0.05,-0.46,0.88,-0.03,-0.89,-0.46,1

10.39,-0.08,-8.98,2.40,0.00,0.00,0.00,-0.16,6.19,6.93,1.00,-0.01,-0.06,0.05,-0.45,0.89,-0.03,-0.89,-0.45,1

10.42,0.14,-9.63,2.00,0.00,0.00,0.00,0.17,5.99,7.80,1.00,-0.01,-0.05,0.04,-0.44,0.90,-0.04,-0.90,-0.43,1

10.45,-0.03,-9.65,1.88,0.00,0.00,0.00,0.04,5.71,8.01,1.00,-0.02,-0.05,0.04,-0.41,0.91,-0.04,-0.91,-0.41,1

10.48,0.05,-9.13,1.55,0.00,0.00,0.00,0.15,5.05,7.76,1.00,-0.02,-0.05,0.04,-0.40,0.92,-0.04,-0.92,-0.40,1

10.52,0.10,-9.80,1.47,0.00,0.00,0.00,0.28,5.07,8.51,1.00,-0.03,-0.05,0.04,-0.38,0.93,-0.04,-0.93,-0.38,1

10.55,0.23,-9.46,1.09,0.00,0.00,0.00,0.48,4.34,8.46,1.00,-0.03,-0.05,0.04,-0.35,0.94,-0.05,-0.94,-0.35,1

10.58,0.09,-9.81,0.64,0.00,0.00,0.00,0.38,3.76,9.08,1.00,-0.03,-0.05,0.04,-0.32,0.95,-0.05,-0.95,-0.32,1

10.62,0.32,-9.52,0.63,0.00,0.00,0.00,0.65,3.49,8.86,1.00,-0.04,-0.04,0.03,-0.30,0.95,-0.05,-0.95,-0.30,1

10.65,0.32,-9.61,0.38,0.00,0.00,0.00,0.68,3.17,9.07,1.00,-0.04,-0.04,0.03,-0.29,0.96,-0.05,-0.96,-0.29,1

10.68,0.12,-9.62,0.13,0.00,0.00,0.00,0.50,2.78,9.20,1.00,-0.04,-0.04,0.03,-0.28,0.96,-0.05,-0.96,-0.27,1

10.72,0.18,-10.00,-0.14,0.00,0.00,0.00,0.61,2.50,9.67,1.00,-0.04,-0.04,0.03,-0.26,0.96,-0.05,-0.96,-0.26,1

10.75,0.41,-9.37,0.01,0.00,0.00,0.00,0.80,2.44,9.02,1.00,-0.04,-0.04,0.03,-0.26,0.97,-0.05,-0.97,-0.26,1

10.78,0.28,-9.33,-0.17,0.00,0.00,0.00,0.71,2.16,9.06,1.00,-0.05,-0.04,0.03,-0.25,0.97,-0.05,-0.97,-0.25,1

10.81,0.39,-9.76,-0.21,0.00,0.00,0.00,0.88,2.14,9.49,1.00,-0.05,-0.04,0.03,-0.24,0.97,-0.06,-0.97,-0.24,1

10.85,0.34,-9.33,-0.21,0.00,0.00,0.00,0.83,2.02,9.08,1.00,-0.05,-0.04,0.03,-0.24,0.97,-0.06,-0.97,-0.24,1

10.88,0.45,-9.39,-0.14,0.00,0.00,0.00,1.02,2.12,9.11,1.00,-0.06,-0.04,0.03,-0.24,0.97,-0.07,-0.97,-0.24,1

10.91,0.17,-9.44,-0.46,0.00,0.00,0.00,0.83,1.80,9.24,1.00,-0.07,-0.05,0.03,-0.24,0.97,-0.08,-0.97,-0.23,1

10.95,0.58,-10.51,-0.45,0.00,0.00,0.00,1.31,1.99,10.26,1.00,-0.07,-0.05,0.03,-0.23,0.97,-0.08,-0.97,-0.23,1

10.98,0.47,-9.55,-0.40,0.00,0.00,0.00,1.12,1.76,9.34,1.00,-0.07,-0.05,0.04,-0.22,0.97,-0.08,-0.97,-0.22,1

11.01,0.52,-9.15,-0.41,0.00,0.00,0.00,1.14,1.66,8.95,1.00,-0.07,-0.06,0.04,-0.22,0.97,-0.08,-0.97,-0.22,1

11.05,0.64,-9.05,-1.55,0.00,0.00,0.00,1.34,0.52,9.09,1.00,-0.07,-0.05,0.04,-0.22,0.97,-0.08,-0.97,-0.22,1

11.08,0.60,-9.21,-0.22,0.00,0.00,0.00,1.26,1.85,8.96,1.00,-0.07,-0.05,0.04,-0.22,0.97,-0.08,-0.97,-0.22,1

11.11,0.14,-9.60,-1.59,0.00,0.00,0.00,0.89,0.64,9.67,1.00,-0.07,-0.04,0.03,-0.23,0.97,-0.08,-0.97,-0.22,1

11.14,0.41,-8.93,-0.30,0.00,0.00,0.00,1.06,1.73,8.71,1.00,-0.07,-0.04,0.03,-0.23,0.97,-0.08,-0.97,-0.22,1

11.18,0.42,-10.16,-0.42,0.00,0.00,0.00,1.15,1.89,9.94,1.00,-0.07,-0.04,0.03,-0.23,0.97,-0.08,-0.97,-0.22,1

11.21,0.44,-9.68,-0.78,0.00,0.00,0.00,1.16,1.41,9.55,1.00,-0.07,-0.04,0.03,-0.22,0.97,-0.08,-0.97,-0.22,1

11.24,0.41,-9.28,-0.64,0.00,0.00,0.00,1.11,1.46,9.13,1.00,-0.07,-0.04,0.03,-0.22,0.97,-0.08,-0.97,-0.22,1

11.28,0.44,-9.49,-0.40,0.00,0.00,0.00,1.14,1.74,9.28,1.00,-0.07,-0.04,0.03,-0.22,0.97,-0.08,-0.97,-0.22,1

11.31,0.45,-9.56,-0.44,0.00,0.00,0.00,1.16,1.69,9.36,1.00,-0.07,-0.04,0.03,-0.22,0.98,-0.08,-0.97,-0.22,1

11.34,0.42,-9.85,-0.55,0.00,0.00,0.00,1.15,1.67,9.66,1.00,-0.07,-0.04,0.03,-0.22,0.97,-0.08,-0.97,-0.22,1

11.38,0.56,-8.92,-0.46,0.00,0.00,0.00,1.23,1.51,8.74,1.00,-0.07,-0.04,0.03,-0.22,0.98,-0.08,-0.97,-0.21,1

11.41,0.35,-10.16,-0.50,0.00,0.00,0.00,1.11,1.71,9.98,1.00,-0.07,-0.04,0.03,-0.21,0.98,-0.08,-0.97,-0.21,1

11.44,0.40,-9.46,-0.62,0.00,0.00,0.00,1.11,1.45,9.32,1.00,-0.07,-0.04,0.03,-0.22,0.98,-0.08,-0.97,-0.21,1

11.48,0.49,-9.45,-0.46,0.00,0.00,0.00,1.19,1.61,9.26,1.00,-0.07,-0.04,0.03,-0.22,0.98,-0.08,-0.97,-0.21,1

11.51,0.40,-9.85,-0.38,0.00,0.00,0.00,1.11,1.83,9.63,1.00,-0.07,-0.04,0.03,-0.22,0.97,-0.08,-0.97,-0.22,1

11.54,0.35,-8.87,-0.44,0.00,0.00,0.00,1.01,1.54,8.69,1.00,-0.07,-0.04,0.03,-0.22,0.98,-0.08,-0.97,-0.22,1

11.57,0.55,-10.20,-0.36,0.00,0.00,0.00,1.30,1.88,9.97,1.00,-0.07,-0.04,0.03,-0.22,0.98,-0.08,-0.97,-0.22,1

11.61,0.55,-9.38,-0.47,0.00,0.00,0.00,1.25,1.59,9.19,1.00,-0.07,-0.04,0.03,-0.22,0.98,-0.08,-0.97,-0.21,1

11.64,0.35,-9.58,-0.54,0.00,0.00,0.00,1.07,1.56,9.42,1.00,-0.07,-0.04,0.03,-0.22,0.98,-0.08,-0.97,-0.21,1

11.67,0.45,-9.62,-0.50,0.00,0.00,0.00,1.16,1.60,9.44,1.00,-0.07,-0.04,0.03,-0.22,0.98,-0.08,-0.97,-0.21,1

11.70,0.42,-9.49,-0.32,0.00,0.00,0.00,1.11,1.74,9.28,1.00,-0.07,-0.04,0.03,-0.22,0.98,-0.08,-0.97,-0.21,1

11.74,0.46,-9.48,-0.38,0.00,0.00,0.00,1.16,1.69,9.27,1.00,-0.07,-0.04,0.03,-0.22,0.98,-0.08,-0.97,-0.21,1

11.77,0.44,-9.57,-0.17,0.00,0.00,0.00,1.15,1.91,9.32,1.00,-0.07,-0.04,0.03,-0.21,0.98,-0.08,-0.97,-0.21,1

11.80,0.34,-9.74,-0.52,0.00,0.00,0.00,1.07,1.59,9.57,1.00,-0.07,-0.04,0.03,-0.21,0.98,-0.08,-0.97,-0.21,1

11.84,0.48,-9.23,-0.34,0.00,0.00,0.00,1.18,1.65,9.02,1.00,-0.07,-0.04,0.03,-0.21,0.98,-0.08,-0.97,-0.21,1

11.87,0.43,-9.56,-0.35,0.00,0.00,0.00,1.16,1.71,9.35,1.00,-0.08,-0.04,0.02,-0.21,0.98,-0.08,-0.97,-0.21,1

11.90,-0.38,-9.85,-2.20,0.00,0.00,0.00,0.43,-0.06,10.09,1.00,-0.07,-0.04,0.02,-0.21,0.98,-0.08,-0.97,-0.21,1

11.94,0.28,-9.63,-0.48,0.00,0.00,0.00,1.01,1.60,9.46,1.00,-0.07,-0.04,0.02,-0.21,0.98,-0.08,-0.97,-0.21,1

11.97,0.55,-9.57,-0.23,0.00,0.00,0.00,1.26,1.83,9.32,1.00,-0.07,-0.04,0.02,-0.21,0.98,-0.08,-0.97,-0.21,1

12.00,0.34,-9.25,-0.58,0.00,0.00,0.00,1.05,1.41,9.11,1.00,-0.07,-0.04,0.02,-0.21,0.98,-0.08,-0.97,-0.21,1

12.04,0.34,-9.55,-0.27,0.00,0.00,0.00,1.07,1.76,9.34,1.00,-0.07,-0.04,0.02,-0.21,0.98,-0.08,-0.97,-0.21,1

12.07,0.53,-9.42,-0.15,0.00,0.00,0.00,1.24,1.84,9.17,1.00,-0.07,-0.04,0.02,-0.21,0.98,-0.08,-0.98,-0.21,1

12.10,0.31,-9.73,-0.61,0.00,0.00,0.00,1.06,1.41,9.59,1.00,-0.07,-0.04,0.02,-0.21,0.98,-0.08,-0.98,-0.20,1

12.14,0.41,-9.51,-0.28,0.00,0.00,0.00,1.13,1.66,9.31,1.00,-0.08,-0.04,0.02,-0.20,0.98,-0.08,-0.98,-0.20,1

12.17,0.50,-9.24,-0.28,0.00,0.00,0.00,1.23,1.58,9.04,1.00,-0.08,-0.03,0.02,-0.20,0.98,-0.08,-0.98,-0.20,1

12.20,0.32,-10.12,-0.69,0.00,0.00,0.00,1.13,1.27,10.01,1.00,-0.08,-0.03,0.02,-0.19,0.98,-0.08,-0.98,-0.19,1

12.23,0.35,-9.22,-0.87,0.00,0.00,0.00,1.10,0.86,9.16,1.00,-0.08,-0.03,0.01,-0.18,0.98,-0.08,-0.98,-0.18,1

12.27,0.72,-9.17,-0.48,0.00,0.00,0.00,1.44,1.22,9.02,1.00,-0.08,-0.03,0.02,-0.18,0.98,-0.08,-0.98,-0.18,1

12.30,0.57,-8.89,-0.14,0.00,0.00,0.00,1.26,1.47,8.70,1.00,-0.08,-0.03,0.02,-0.18,0.98,-0.08,-0.98,-0.18,1

12.33,-0.10,-10.41,-1.41,0.00,0.00,0.00,0.76,0.49,10.47,1.00,-0.08,-0.03,0.01,-0.18,0.98,-0.08,-0.98,-0.18,1

12.37,0.69,-8.97,-0.21,0.00,0.00,0.00,1.40,1.41,8.78,1.00,-0.08,-0.03,0.01,-0.18,0.98,-0.08,-0.98,-0.18,1

12.40,0.56,-9.51,-0.66,0.00,0.00,0.00,1.33,1.03,9.40,1.00,-0.08,-0.03,0.01,-0.18,0.98,-0.08,-0.98,-0.17,1

12.43,0.20,-9.48,-0.86,0.00,0.00,0.00,0.97,0.82,9.44,1.00,-0.08,-0.03,0.01,-0.18,0.98,-0.08,-0.98,-0.17,1

12.47,0.43,-10.16,-0.15,0.00,0.00,0.00,1.23,1.65,9.96,1.00,-0.08,-0.03,0.02,-0.18,0.98,-0.08,-0.98,-0.17,1

12.50,0.35,-9.76,-0.56,0.00,0.00,0.00,1.15,1.18,9.65,1.00,-0.08,-0.03,0.02,-0.18,0.98,-0.08,-0.98,-0.17,1

12.53,0.29,-9.79,-0.68,0.00,0.00,0.00,1.08,1.06,9.70,1.00,-0.08,-0.03,0.02,-0.18,0.98,-0.08,-0.98,-0.17,1

12.56,0.41,-9.37,-0.68,0.00,0.00,0.00,1.17,0.98,9.28,1.00,-0.08,-0.03,0.02,-0.18,0.98,-0.08,-0.98,-0.17,1

12.60,0.43,-9.54,-0.62,0.00,0.00,0.00,1.22,1.07,9.44,1.00,-0.08,-0.03,0.02,-0.18,0.98,-0.09,-0.98,-0.17,1

12.63,0.55,-9.48,-0.64,0.00,0.00,0.00,1.34,1.02,9.37,1.00,-0.08,-0.03,0.02,-0.17,0.98,-0.09,-0.98,-0.17,1

12.66,0.28,-9.61,-1.10,0.00,0.00,0.00,1.09,0.57,9.60,1.00,-0.08,-0.03,0.02,-0.17,0.98,-0.08,-0.98,-0.17,1

12.70,0.32,-9.58,-0.64,0.00,0.00,0.00,1.10,1.03,9.49,1.00,-0.08,-0.03,0.02,-0.17,0.99,-0.08,-0.98,-0.17,1

12.73,0.44,-9.64,-0.51,0.00,0.00,0.00,1.22,1.16,9.52,1.00,-0.08,-0.03,0.01,-0.17,0.99,-0.08,-0.98,-0.17,1

12.76,0.32,-9.59,-0.93,0.00,0.00,0.00,1.12,0.71,9.55,1.00,-0.08,-0.03,0.01,-0.17,0.99,-0.08,-0.98,-0.17,1

12.80,0.48,-9.49,-0.55,0.00,0.00,0.00,1.27,1.06,9.37,1.00,-0.08,-0.03,0.01,-0.17,0.99,-0.09,-0.98,-0.17,1

12.83,0.41,-9.76,-0.75,0.00,0.00,0.00,1.19,0.89,9.69,1.00,-0.08,-0.02,0.01,-0.17,0.99,-0.08,-0.98,-0.16,1

12.86,0.40,-9.31,-0.68,0.00,0.00,0.00,1.10,0.88,9.23,1.00,-0.07,-0.02,0.01,-0.17,0.99,-0.08,-0.98,-0.16,1

12.89,0.24,-9.23,-0.59,0.00,0.00,0.00,0.94,0.94,9.16,1.00,-0.07,-0.02,0.01,-0.16,0.99,-0.08,-0.98,-0.16,1

12.93,0.29,-9.80,-0.67,0.00,0.00,0.00,1.04,0.95,9.73,1.00,-0.07,-0.02,0.01,-0.16,0.99,-0.08,-0.98,-0.16,1

12.96,0.31,-9.48,-0.67,0.00,0.00,0.00,1.02,0.90,9.41,1.00,-0.07,-0.02,0.01,-0.16,0.99,-0.08,-0.98,-0.16,1

12.99,0.21,-9.47,-0.63,0.00,0.00,0.00,0.92,0.97,9.41,1.00,-0.07,-0.02,0.01,-0.17,0.99,-0.08,-0.98,-0.17,1

13.03,0.36,-9.62,-0.57,0.00,0.00,0.00,1.08,1.09,9.52,1.00,-0.07,-0.02,0.01,-0.17,0.99,-0.08,-0.98,-0.17,1

13.06,0.32,-9.51,-0.57,0.00,0.00,0.00,1.04,1.08,9.42,1.00,-0.07,-0.03,0.01,-0.17,0.99,-0.08,-0.98,-0.17,1

13.09,0.23,-9.75,-0.62,0.00,0.00,0.00,0.94,1.07,9.67,1.00,-0.07,-0.02,0.01,-0.17,0.98,-0.07,-0.98,-0.17,1

13.12,0.13,-8.50,-0.69,0.00,0.00,0.00,0.81,0.72,8.46,1.00,-0.08,-0.02,0.01,-0.16,0.99,-0.08,-0.98,-0.16,1

13.16,0.30,-9.96,-0.53,0.00,0.00,0.00,1.16,1.08,9.85,1.00,-0.09,-0.02,0.01,-0.16,0.99,-0.09,-0.98,-0.16,1

13.19,0.46,-9.82,-0.68,0.00,0.00,0.00,1.32,0.84,9.73,1.00,-0.09,-0.02,0.01,-0.15,0.99,-0.09,-0.98,-0.15,1

13.22,0.31,-9.63,-0.71,0.00,0.00,0.00,1.12,0.75,9.57,1.00,-0.08,-0.02,0.01,-0.15,0.99,-0.08,-0.99,-0.15,1

13.26,0.38,-9.52,-0.49,0.00,0.00,0.00,1.17,0.72,9.44,1.00,-0.08,-0.02,0.01,-0.13,0.99,-0.08,-0.99,-0.12,1

13.29,0.32,-9.86,-0.96,0.00,0.00,0.00,1.13,0.21,9.84,1.00,-0.08,-0.02,0.01,-0.12,0.99,-0.08,-0.99,-0.12,1

13.32,0.14,-8.97,-0.97,0.00,0.00,0.00,0.84,0.14,8.98,1.00,-0.08,-0.03,0.02,-0.12,0.99,-0.08,-0.99,-0.12,1

13.36,0.09,-9.02,-0.86,0.00,0.00,0.00,0.83,0.28,9.02,1.00,-0.08,-0.02,0.01,-0.13,0.99,-0.08,-0.99,-0.12,1

13.39,0.56,-10.14,-0.66,0.00,0.00,0.00,1.40,0.47,10.07,1.00,-0.08,-0.03,0.02,-0.11,0.99,-0.08,-0.99,-0.11,1

13.42,0.44,-9.20,-1.22,0.00,0.00,0.00,1.23,-0.30,9.20,1.00,-0.08,-0.03,0.02,-0.10,1.00,-0.08,-0.99,-0.10,1

13.45,0.04,-9.22,-1.22,0.00,0.00,0.00,0.85,-0.45,9.25,1.00,-0.08,-0.03,0.02,-0.08,1.00,-0.09,-0.99,-0.08,1

13.49,0.25,-9.86,-1.32,0.00,0.00,0.00,1.09,-0.64,9.87,1.00,-0.08,-0.03,0.02,-0.07,1.00,-0.08,-0.99,-0.07,1

13.52,0.38,-9.33,-1.62,0.00,0.00,0.00,1.13,-1.25,9.33,1.00,-0.08,-0.02,0.02,-0.04,1.00,-0.08,-1.00,-0.04,1

13.55,0.18,-8.32,-1.63,0.00,0.00,0.00,0.89,-1.61,8.28,1.00,-0.08,-0.02,0.02,-0.00,1.00,-0.08,-1.00,0.00,1

13.59,-0.00,-10.04,-2.50,0.00,0.00,0.00,0.88,-2.76,9.93,1.00,-0.08,-0.02,0.02,0.03,1.00,-0.08,-1.00,0.03,1

13.62,0.12,-9.65,-2.67,0.00,0.00,0.00,0.91,-3.11,9.48,1.00,-0.08,-0.02,0.02,0.05,1.00,-0.08,-1.00,0.05,1

13.65,0.11,-8.22,-2.82,0.00,0.00,0.00,0.83,-3.52,7.90,1.00,-0.08,-0.01,0.02,0.09,1.00,-0.08,-0.99,0.09,1

13.69,1.44,-9.38,-3.31,0.00,0.00,0.00,2.32,-4.52,8.67,1.00,-0.09,-0.01,0.02,0.14,0.99,-0.09,-0.99,0.14,1

13.72,0.00,-9.75,-4.18,0.00,0.00,0.00,0.92,-5.67,8.92,1.00,-0.09,-0.01,0.03,0.16,0.99,-0.08,-0.98,0.16,1

13.75,0.59,-8.78,-4.11,0.00,0.00,0.00,1.40,-5.63,7.79,1.00,-0.09,-0.01,0.03,0.18,0.98,-0.08,-0.98,0.18,1

13.78,0.07,-8.10,-3.93,0.00,0.00,0.00,0.86,-5.62,6.98,1.00,-0.09,-0.01,0.03,0.22,0.97,-0.08,-0.97,0.22,1

13.82,0.04,-7.62,-4.00,0.00,0.00,0.00,0.88,-5.89,6.22,0.99,-0.10,-0.02,0.05,0.27,0.96,-0.09,-0.96,0.27,1

13.85,2.49,-11.05,-4.37,0.00,0.00,0.00,3.61,-7.52,8.82,1.00,-0.10,-0.01,0.04,0.31,0.95,-0.09,-0.94,0.32,1

13.88,0.46,-6.88,-5.12,0.00,0.00,0.00,1.19,-7.13,4.64,0.99,-0.10,-0.01,0.04,0.34,0.94,-0.09,-0.94,0.34,1

13.92,0.69,-7.88,-6.23,0.00,0.00,0.00,1.56,-8.72,4.78,0.99,-0.11,-0.00,0.04,0.38,0.92,-0.10,-0.92,0.38,1

13.95,0.30,-7.46,-6.34,0.00,0.00,0.00,1.10,-8.81,4.15,0.99,-0.11,0.00,0.04,0.41,0.91,-0.10,-0.91,0.41,1

13.98,0.64,-6.83,-5.94,0.00,0.00,0.00,1.41,-8.26,3.48,0.99,-0.12,0.01,0.05,0.43,0.90,-0.11,-0.90,0.43,1

14.02,0.34,-6.95,-6.36,0.00,0.00,0.00,1.16,-8.82,3.13,0.99,-0.12,0.00,0.05,0.46,0.89,-0.11,-0.88,0.46,1

14.05,0.99,-7.12,-7.54,0.00,0.00,0.00,1.78,-9.99,2.37,0.99,-0.12,0.01,0.05,0.49,0.87,-0.11,-0.87,0.49,1

14.08,0.83,-6.00,-6.68,0.00,0.00,0.00,1.48,-8.75,1.60,0.99,-0.12,0.01,0.05,0.51,0.86,-0.11,-0.85,0.51,1

14.11,0.25,-6.55,-6.93,0.00,0.00,0.00,0.99,-9.35,1.61,0.99,-0.12,0.01,0.06,0.54,0.84,-0.11,-0.83,0.55,1

14.15,0.68,-6.29,-7.43,0.00,0.00,0.00,1.30,-9.64,0.77,0.99,-0.12,0.02,0.05,0.57,0.82,-0.11,-0.81,0.57,1

14.18,0.75,-5.16,-7.59,0.00,0.00,0.00,1.13,-9.12,-0.66,0.99,-0.12,0.03,0.05,0.61,0.79,-0.11,-0.78,0.61,1

14.21,0.96,-5.23,-8.57,0.00,0.00,0.00,1.18,-9.89,-1.60,0.99,-0.12,0.05,0.04,0.64,0.77,-0.12,-0.76,0.64,1

14.25,0.09,-4.79,-7.57,0.00,0.00,0.00,0.13,-8.83,-1.48,0.99,-0.12,0.07,0.03,0.66,0.75,-0.13,-0.74,0.66,1

14.28,-0.01,-4.30,-8.06,0.00,0.00,0.00,-0.25,-8.81,-2.42,0.99,-0.11,0.09,0.01,0.69,0.73,-0.14,-0.72,0.68,1

14.31,0.47,-4.15,-9.05,0.00,0.00,0.00,0.02,-9.29,-3.60,0.99,-0.10,0.10,0.01,0.71,0.70,-0.14,-0.69,0.71,1

14.35,-0.07,-3.59,-8.66,0.00,0.00,0.00,-0.71,-8.44,-4.03,0.99,-0.09,0.11,-0.01,0.75,0.66,-0.15,-0.66,0.74,1

14.38,0.38,-3.12,-8.76,0.00,0.00,0.00,-0.46,-7.90,-4.89,0.99,-0.09,0.13,-0.01,0.78,0.62,-0.15,-0.62,0.77,1

14.41,-0.23,-2.70,-9.35,0.00,0.00,0.00,-1.19,-7.69,-5.85,0.99,-0.08,0.13,-0.01,0.81,0.59,-0.15,-0.58,0.80,1

14.44,-0.20,-2.05,-8.95,0.00,0.00,0.00,-1.17,-6.70,-6.18,0.99,-0.07,0.13,-0.01,0.83,0.56,-0.15,-0.55,0.82,1

14.48,0.15,-1.57,-8.49,0.00,0.00,0.00,-0.75,-5.86,-6.30,0.99,-0.07,0.12,-0.00,0.85,0.53,-0.14,-0.53,0.84,1

14.51,0.06,-1.51,-9.92,0.00,0.00,0.00,-0.99,-6.29,-7.76,0.99,-0.07,0.12,0.00,0.86,0.50,-0.13,-0.50,0.86,1

14.54,0.01,-1.44,-10.64,0.00,0.00,0.00,-1.20,-6.32,-8.59,0.99,-0.06,0.12,-0.01,0.88,0.47,-0.14,-0.47,0.87,1

14.58,0.32,-0.69,-8.30,0.00,0.00,0.00,-0.69,-4.27,-7.12,0.99,-0.06,0.13,-0.00,0.90,0.44,-0.14,-0.44,0.89,1

14.61,0.09,-0.55,-9.60,0.00,0.00,0.00,-1.09,-4.52,-8.42,0.99,-0.06,0.13,-0.00,0.91,0.42,-0.14,-0.42,0.90,1

14.64,0.23,-0.20,-9.80,0.00,0.00,0.00,-1.00,-4.35,-8.73,0.99,-0.06,0.13,0.00,0.91,0.43,-0.14,-0.42,0.90,1

14.68,0.10,-0.21,-9.28,0.00,0.00,0.00,-1.12,-4.14,-8.23,0.99,-0.06,0.13,-0.00,0.90,0.43,-0.15,-0.42,0.89,1

14.71,0.03,-0.34,-9.97,0.00,0.00,0.00,-1.31,-4.13,-8.99,0.99,-0.05,0.14,-0.01,0.92,0.38,-0.14,-0.38,0.91,1

14.74,0.16,0.58,-9.40,0.00,0.00,0.00,-1.20,-2.74,-8.93,0.99,-0.04,0.14,-0.01,0.94,0.35,-0.15,-0.35,0.93,1

14.77,-0.14,0.55,-9.44,0.00,0.00,0.00,-1.47,-2.54,-8.99,0.99,-0.04,0.14,-0.01,0.95,0.32,-0.14,-0.32,0.94,1

14.81,-0.17,0.72,-9.76,0.00,0.00,0.00,-1.52,-2.18,-9.42,0.99,-0.03,0.14,-0.01,0.96,0.29,-0.14,-0.29,0.95,1

14.84,0.16,1.62,-9.69,0.00,0.00,0.00,-1.23,-0.91,-9.71,0.99,-0.03,0.14,-0.00,0.97,0.26,-0.14,-0.25,0.96,1

14.87,0.29,1.57,-9.18,0.00,0.00,0.00,-1.02,-0.39,-9.26,0.99,-0.03,0.14,-0.00,0.98,0.21,-0.14,-0.21,0.97,1

14.91,-0.03,2.18,-9.18,0.00,0.00,0.00,-1.33,0.41,-9.34,0.99,-0.03,0.14,0.00,0.98,0.19,-0.14,-0.19,0.97,1

14.94,0.27,2.37,-9.77,0.00,0.00,0.00,-1.08,0.47,-9.99,0.99,-0.03,0.13,0.01,0.98,0.19,-0.13,-0.19,0.97,1

14.97,-0.03,2.38,-8.86,0.00,0.00,0.00,-1.25,0.87,-9.04,0.99,-0.03,0.13,0.01,0.99,0.17,-0.13,-0.16,0.98,1

15.01,0.26,2.64,-9.63,0.00,0.00,0.00,-1.10,1.25,-9.85,0.99,-0.02,0.13,0.01,0.99,0.14,-0.14,-0.14,0.98,1

15.04,0.11,2.77,-9.97,0.00,0.00,0.00,-1.33,1.95,-10.07,0.99,-0.01,0.14,-0.00,1.00,0.08,-0.14,-0.08,0.99,1

15.07,-0.00,3.42,-8.37,0.00,0.00,0.00,-1.20,3.01,-8.44,0.99,-0.00,0.14,-0.00,1.00,0.05,-0.14,-0.05,0.99,1

15.10,0.34,3.71,-8.33,0.00,0.00,0.00,-0.85,3.13,-8.53,0.99,-0.01,0.14,0.00,1.00,0.07,-0.14,-0.07,0.99,1

15.14,0.29,3.63,-9.37,0.00,0.00,0.00,-1.05,2.69,-9.63,0.99,-0.02,0.14,0.00,1.00,0.10,-0.14,-0.10,0.99,1

15.17,0.37,2.98,-9.16,0.00,0.00,0.00,-0.93,1.75,-9.44,0.99,-0.03,0.13,0.01,0.99,0.13,-0.14,-0.13,0.98,1

15.20,0.25,2.79,-9.42,0.00,0.00,0.00,-1.06,1.54,-9.64,0.99,-0.03,0.13,0.01,0.99,0.13,-0.13,-0.13,0.98,1

15.24,0.27,2.96,-9.50,0.00,0.00,0.00,-1.05,1.74,-9.75,0.99,-0.03,0.13,0.01,0.99,0.13,-0.13,-0.12,0.98,1

15.27,0.23,2.97,-9.05,0.00,0.00,0.00,-1.03,1.72,-9.32,0.99,-0.03,0.13,0.01,0.99,0.14,-0.13,-0.13,0.98,1

15.30,0.36,2.83,-9.41,0.00,0.00,0.00,-0.95,1.61,-9.65,0.99,-0.03,0.13,0.01,0.99,0.13,-0.13,-0.12,0.98,1

15.34,0.27,2.88,-9.16,0.00,0.00,0.00,-1.02,1.66,-9.41,0.99,-0.03,0.13,0.01,0.99,0.13,-0.13,-0.13,0.98,1

15.37,0.20,2.82,-9.09,0.00,0.00,0.00,-1.07,1.53,-9.34,0.99,-0.03,0.13,0.01,0.99,0.14,-0.13,-0.14,0.98,1

15.40,0.23,2.67,-9.54,0.00,0.00,0.00,-1.11,1.27,-9.76,0.99,-0.03,0.13,0.01,0.99,0.14,-0.13,-0.14,0.98,1

15.43,0.31,2.61,-9.30,0.00,0.00,0.00,-1.00,1.21,-9.54,0.99,-0.03,0.13,0.01,0.99,0.15,-0.14,-0.14,0.98,1

15.47,0.12,2.53,-9.34,0.00,0.00,0.00,-1.21,1.17,-9.53,0.99,-0.03,0.13,0.01,0.99,0.14,-0.14,-0.14,0.98,1

15.50,0.14,2.58,-9.33,0.00,0.00,0.00,-1.21,1.23,-9.52,0.99,-0.03,0.14,0.01,0.99,0.14,-0.14,-0.14,0.98,1

15.53,0.34,2.53,-9.38,0.00,0.00,0.00,-1.03,1.13,-9.60,0.99,-0.03,0.14,0.01,0.99,0.15,-0.14,-0.14,0.98,1

15.57,0.17,2.52,-9.13,0.00,0.00,0.00,-1.15,1.04,-9.34,0.99,-0.04,0.13,0.02,0.99,0.16,-0.14,-0.16,0.98,1

15.60,0.19,2.35,-9.38,0.00,0.00,0.00,-1.14,0.71,-9.58,0.99,-0.04,0.13,0.02,0.99,0.17,-0.14,-0.17,0.98,1

15.63,0.36,2.22,-9.48,0.00,0.00,0.00,-0.97,0.53,-9.68,0.99,-0.04,0.13,0.02,0.98,0.18,-0.14,-0.17,0.98,1

15.67,0.16,2.14,-9.39,0.00,0.00,0.00,-1.15,0.47,-9.56,0.99,-0.04,0.13,0.02,0.98,0.17,-0.14,-0.17,0.98,1

15.70,0.27,2.09,-9.33,0.00,0.00,0.00,-1.01,0.40,-9.51,0.99,-0.05,0.13,0.02,0.98,0.18,-0.13,-0.17,0.98,1

15.73,0.13,2.02,-9.47,0.00,0.00,0.00,-1.15,0.35,-9.61,0.99,-0.04,0.13,0.02,0.98,0.17,-0.13,-0.17,0.98,1

15.77,0.37,2.19,-9.82,0.00,0.00,0.00,-0.95,0.42,-10.02,0.99,-0.05,0.12,0.02,0.98,0.18,-0.13,-0.17,0.98,1

15.80,0.54,2.21,-9.66,0.00,0.00,0.00,-0.79,0.44,-9.88,0.99,-0.05,0.13,0.02,0.98,0.18,-0.13,-0.18,0.98,1

15.83,0.20,1.92,-9.16,0.00,0.00,0.00,-1.08,0.25,-9.29,0.99,-0.05,0.13,0.03,0.98,0.18,-0.14,-0.17,0.98,1

15.86,0.15,1.89,-9.68,0.00,0.00,0.00,-1.20,0.03,-9.79,0.99,-0.05,0.13,0.03,0.98,0.19,-0.14,-0.18,0.97,1

15.90,0.11,1.75,-9.74,0.00,0.00,0.00,-1.28,-0.21,-9.82,0.99,-0.06,0.13,0.03,0.98,0.20,-0.14,-0.19,0.97,1

15.93,0.31,1.70,-8.93,0.00,0.00,0.00,-0.93,-0.21,-9.05,0.99,-0.06,0.13,0.04,0.98,0.21,-0.14,-0.20,0.97,1

15.96,0.58,1.71,-9.60,0.00,0.00,0.00,-0.79,-0.26,-9.74,0.99,-0.06,0.13,0.04,0.98,0.20,-0.14,-0.20,0.97,1

16.00,0.06,1.76,-9.59,0.00,0.00,0.00,-1.35,-0.23,-9.65,0.99,-0.07,0.13,0.04,0.98,0.20,-0.14,-0.20,0.97,1

16.03,0.23,1.74,-9.65,0.00,0.00,0.00,-1.23,-0.35,-9.73,0.99,-0.07,0.14,0.04,0.98,0.21,-0.15,-0.21,0.97,1

16.06,0.68,1.40,-9.56,0.00,0.00,0.00,-0.77,-0.66,-9.63,0.99,-0.07,0.14,0.04,0.98,0.22,-0.15,-0.21,0.97,1

16.09,0.04,1.70,-9.39,0.00,0.00,0.00,-1.40,-0.44,-9.43,0.99,-0.08,0.14,0.05,0.97,0.22,-0.15,-0.21,0.96,1

16.13,-0.01,1.74,-9.85,0.00,0.00,0.00,-1.54,-0.54,-9.87,0.99,-0.08,0.14,0.05,0.97,0.23,-0.16,-0.22,0.96,1

16.16,0.29,1.18,-9.28,0.00,0.00,0.00,-1.11,-0.94,-9.25,0.99,-0.08,0.14,0.05,0.97,0.23,-0.15,-0.22,0.96,1

16.19,0.21,1.15,-9.21,0.00,0.00,0.00,-1.19,-0.84,-9.17,0.99,-0.08,0.14,0.05,0.98,0.21,-0.16,-0.20,0.97,1

16.23,-0.02,2.16,-10.04,0.00,0.00,0.00,-1.63,0.04,-10.14,0.99,-0.08,0.14,0.05,0.98,0.21,-0.16,-0.20,0.97,1

16.26,0.05,1.81,-9.08,0.00,0.00,0.00,-1.39,-0.12,-9.15,0.99,-0.08,0.14,0.05,0.98,0.21,-0.16,-0.20,0.97,1

16.29,0.33,1.42,-9.22,0.00,0.00,0.00,-1.11,-0.54,-9.26,0.99,-0.08,0.14,0.05,0.98,0.21,-0.16,-0.20,0.97,1

16.33,0.03,1.55,-9.82,0.00,0.00,0.00,-1.54,-0.63,-9.80,0.99,-0.08,0.15,0.05,0.97,0.22,-0.16,-0.21,0.96,1

16.36,-0.04,1.45,-8.91,0.00,0.00,0.00,-1.47,-0.56,-8.89,0.99,-0.09,0.15,0.05,0.97,0.22,-0.16,-0.21,0.96,1

16.39,0.00,1.39,-9.38,0.00,0.00,0.00,-1.49,-0.74,-9.34,0.99,-0.08,0.15,0.05,0.97,0.22,-0.16,-0.21,0.96,1

16.42,0.04,1.54,-9.83,0.00,0.00,0.00,-1.56,-0.65,-9.81,0.99,-0.09,0.15,0.05,0.97,0.22,-0.16,-0.21,0.96,1

16.46,0.15,1.43,-9.25,0.00,0.00,0.00,-1.35,-0.58,-9.24,0.99,-0.08,0.15,0.05,0.98,0.21,-0.16,-0.20,0.97,1

16.49,-0.08,1.70,-9.79,0.00,0.00,0.00,-1.71,-0.39,-9.78,0.98,-0.08,0.15,0.05,0.98,0.21,-0.17,-0.20,0.97,1

16.52,-0.02,1.57,-9.50,0.00,0.00,0.00,-1.58,-0.47,-9.49,0.98,-0.09,0.15,0.05,0.98,0.21,-0.16,-0.20,0.97,1

16.56,0.03,1.42,-9.18,0.00,0.00,0.00,-1.46,-0.57,-9.16,0.98,-0.09,0.15,0.05,0.98,0.21,-0.16,-0.20,0.97,1

16.59,-0.07,1.79,-9.78,0.00,0.00,0.00,-1.70,-0.37,-9.79,0.98,-0.09,0.15,0.06,0.98,0.22,-0.17,-0.20,0.97,1

16.62,-0.17,1.69,-9.89,0.00,0.00,0.00,-1.83,-0.48,-9.85,0.98,-0.09,0.15,0.06,0.98,0.21,-0.17,-0.20,0.96,1

16.66,0.26,1.20,-9.22,0.00,0.00,0.00,-1.27,-0.76,-9.19,0.98,-0.09,0.15,0.06,0.98,0.21,-0.17,-0.20,0.97,1

16.69,-0.10,1.55,-9.53,0.00,0.00,0.00,-1.73,-0.41,-9.49,0.98,-0.09,0.16,0.06,0.98,0.20,-0.17,-0.19,0.97,1

16.72,-0.14,1.67,-9.50,0.00,0.00,0.00,-1.78,-0.24,-9.48,0.98,-0.09,0.16,0.06,0.98,0.20,-0.17,-0.18,0.97,1

16.75,-0.00,1.59,-9.51,0.00,0.00,0.00,-1.65,-0.27,-9.50,0.98,-0.09,0.16,0.06,0.98,0.19,-0.17,-0.18,0.97,1

16.79,-0.14,1.85,-9.52,0.00,0.00,0.00,-1.80,-0.06,-9.53,0.98,-0.09,0.16,0.06,0.98,0.20,-0.17,-0.18,0.97,1

16.82,-0.07,1.57,-9.14,0.00,0.00,0.00,-1.65,-0.30,-9.13,0.98,-0.09,0.16,0.06,0.98,0.20,-0.17,-0.19,0.97,1

16.85,-0.04,1.64,-9.64,0.00,0.00,0.00,-1.72,-0.28,-9.62,0.98,-0.09,0.16,0.06,0.98,0.19,-0.17,-0.18,0.97,1

16.89,-0.09,1.80,-9.62,0.00,0.00,0.00,-1.79,-0.10,-9.62,0.98,-0.09,0.16,0.06,0.98,0.19,-0.17,-0.18,0.97,1

16.92,-0.04,1.55,-9.04,0.00,0.00,0.00,-1.63,-0.21,-9.03,0.98,-0.09,0.16,0.06,0.98,0.19,-0.17,-0.18,0.97,1

16.95,-0.06,1.69,-9.75,0.00,0.00,0.00,-1.79,-0.13,-9.74,0.98,-0.09,0.16,0.06,0.98,0.18,-0.18,-0.17,0.97,1

16.99,-0.15,1.90,-9.72,0.00,0.00,0.00,-1.90,0.11,-9.72,0.98,-0.09,0.16,0.06,0.98,0.18,-0.18,-0.17,0.97,1

17.02,0.03,1.69,-9.14,0.00,0.00,0.00,-1.63,0.10,-9.15,0.98,-0.09,0.16,0.06,0.98,0.17,-0.18,-0.16,0.97,1

17.05,-0.45,2.61,-9.59,0.00,0.00,0.00,-2.26,0.90,-9.65,0.98,-0.09,0.16,0.06,0.98,0.17,-0.18,-0.16,0.97,1

17.08,-0.03,1.49,-9.00,0.00,0.00,0.00,-1.63,-0.11,-8.98,0.98,-0.09,0.16,0.07,0.98,0.17,-0.18,-0.16,0.97,1

17.12,-0.10,1.67,-9.70,0.00,0.00,0.00,-1.83,-0.06,-9.68,0.98,-0.09,0.16,0.07,0.98,0.17,-0.18,-0.16,0.97,1

17.15,-0.02,1.88,-9.70,0.00,0.00,0.00,-1.77,0.17,-9.72,0.98,-0.09,0.16,0.07,0.98,0.17,-0.18,-0.16,0.97,1

17.18,-0.02,1.80,-9.36,0.00,0.00,0.00,-1.72,0.18,-9.37,0.98,-0.09,0.16,0.07,0.98,0.17,-0.18,-0.16,0.97,1

17.22,-0.15,1.77,-9.16,0.00,0.00,0.00,-1.81,0.17,-9.15,0.98,-0.09,0.16,0.07,0.98,0.17,-0.18,-0.16,0.97,1

17.25,-0.08,1.78,-9.59,0.00,0.00,0.00,-1.81,0.03,-9.59,0.98,-0.10,0.16,0.07,0.98,0.18,-0.18,-0.16,0.97,1
