		0.00,0.21,0.03,-9.57,0.21,0.03,0.24,0.21,0.03,0.24,1.00,-0.00,0.00,0.00,1.00,-0.00,-0.00,0.00,1.00,0.0000000,1.53,0.55,0.61,0.00,2.00,0.00,0.00,0.00,0.00,0.00,0.00,0.00,0.00,0.00,0.00,1
		0.04,0.23,0.01,-9.56,0.24,-0.00,0.25,0.24,-0.00,0.25,1.00,-0.00,0.00,0.00,1.00,-0.00,-0.00,0.00,1.00,0.0000079,1.46,0.43,0.55,0.01,2.00,0.01,0.00,0.08,0.00,0.01,0.00,0.01,0.00,0.00,0.00,1
		0.08,0.21,0.03,-9.57,0.22,0.01,0.24,0.22,0.01,0.24,1.00,-0.00,0.00,0.00,1.00,-0.00,-0.00,0.00,1.00,0.0000045,1.28,0.31,0.55,0.02,2.00,0.02,0.00,0.17,0.00,0.02,0.00,0.02,0.00,0.00,0.00,1
		0.12,0.23,0.01,-9.58,0.24,-0.02,0.23,0.24,-0.02,0.23,1.00,-0.00,0.00,0.00,1.00,-0.00,-0.00,0.00,1.00,0.0000068,1.34,0.37,0.55,0.03,2.00,0.03,0.00,0.25,0.00,0.03,0.00,0.03,0.00,0.00,0.00,1
		0.17,0.22,0.04,-9.58,0.24,-0.01,0.23,0.24,-0.01,0.23,1.00,-0.00,0.00,0.00,1.00,-0.00,-0.00,0.00,1.00,0.0000086,1.53,0.55,0.61,0.04,2.00,0.04,0.00,0.33,0.00,0.04,-0.00,0.04,0.00,0.00,0.00,1
		0.21,0.22,0.02,-9.57,0.23,-0.03,0.24,0.23,-0.03,0.24,1.00,-0.00,0.00,0.00,1.00,-0.01,-0.00,0.01,1.00,0.0000070,1.34,0.49,0.37,0.05,2.00,0.05,0.00,0.41,0.01,0.05,-0.00,0.05,0.00,0.00,0.01,1
		0.25,0.23,0.03,-9.58,0.25,-0.04,0.23,0.25,-0.04,0.23,1.00,-0.00,0.00,0.00,1.00,-0.01,-0.00,0.01,1.00,0.0000072,1.53,0.49,0.31,0.06,2.00,0.06,0.01,0.49,0.01,0.06,-0.00,0.06,0.01,-0.00,0.01,1
		0.29,0.23,0.01,-9.58,0.25,-0.06,0.23,0.25,-0.06,0.23,1.00,-0.00,0.00,0.00,1.00,-0.01,-0.00,0.01,1.00,0.0000069,1.40,0.18,0.49,0.07,2.00,0.07,0.01,0.58,0.01,0.07,-0.00,0.07,0.01,-0.00,0.01,1
		0.33,0.21,0.04,-9.59,0.24,-0.04,0.22,0.24,-0.04,0.22,1.00,-0.00,0.00,0.00,1.00,-0.01,-0.00,0.01,1.00,0.0000074,1.59,0.31,0.43,0.08,2.00,0.08,0.01,0.66,0.01,0.08,-0.01,0.08,0.01,-0.00,0.01,1
		0.37,0.23,0.01,-9.57,0.26,-0.08,0.24,0.26,-0.08,0.24,1.00,-0.00,0.00,0.00,1.00,-0.01,-0.00,0.01,1.00,0.0000065,1.40,0.43,0.49,0.09,1.99,0.09,0.02,0.74,0.02,0.09,-0.01,0.09,0.02,-0.00,0.02,1
		0.41,0.22,0.03,-9.58,0.25,-0.07,0.23,0.25,-0.07,0.23,1.00,-0.00,0.00,0.00,1.00,-0.01,-0.00,0.01,1.00,0.0000054,1.28,0.31,0.37,0.10,1.99,0.10,0.02,0.82,0.02,0.10,-0.01,0.10,0.02,-0.00,0.02,1
		0.45,0.23,0.01,-9.58,0.26,-0.10,0.23,0.26,-0.10,0.23,1.00,-0.00,0.00,0.00,1.00,-0.01,-0.00,0.01,1.00,0.0000075,1.46,0.43,0.61,0.11,1.99,0.11,0.02,0.90,0.02,0.11,-0.02,0.11,0.02,-0.00,0.02,1
		0.49,0.21,0.03,-9.56,0.24,-0.09,0.25,0.24,-0.09,0.25,1.00,-0.00,0.00,0.00,1.00,-0.01,-0.00,0.01,1.00,0.0000062,1.40,0.43,0.31,0.12,1.98,0.12,0.03,0.99,0.03,0.12,-0.02,0.12,0.03,-0.00,0.03,1
		0.53,0.23,0.02,-9.57,0.27,-0.11,0.24,0.27,-0.11,0.24,1.00,-0.00,0.00,0.00,1.00,-0.01,-0.00,0.01,1.00,0.0000075,1.46,0.31,0.43,0.13,1.98,0.13,0.03,1.07,0.03,0.13,-0.02,0.13,0.03,-0.00,0.03,1
		0.58,0.22,0.01,-9.59,0.26,-0.13,0.23,0.26,-0.13,0.23,1.00,-0.00,0.00,0.00,1.00,-0.01,-0.00,0.01,1.00,0.0000074,1.46,0.37,0.37,0.14,1.97,0.14,0.04,1.15,0.04,0.14,-0.03,0.14,0.04,-0.00,0.04,1
		0.62,0.22,0.02,-9.57,0.26,-0.13,0.24,0.26,-0.13,0.24,1.00,-0.01,0.00,0.01,1.00,-0.02,-0.00,0.02,1.00,0.0000076,1.34,0.37,0.73,0.15,1.97,0.15,0.05,1.23,0.04,0.15,-0.03,0.15,0.05,-0.01,0.04,1
		0.66,0.21,0.02,-9.58,0.25,-0.14,0.24,0.25,-0.14,0.24,1.00,-0.01,0.00,0.01,1.00,-0.02,-0.00,0.02,1.00,0.0000054,1.46,0.31,0.31,0.16,1.96,0.16,0.05,1.31,0.05,0.16,-0.04,0.16,0.05,-0.01,0.05,1
		0.70,0.23,0.03,-9.57,0.27,-0.14,0.24,0.27,-0.14,0.24,1.00,-0.01,0.00,0.01,1.00,-0.02,-0.00,0.02,1.00,0.0000075,1.40,0.37,0.37,0.17,1.96,0.16,0.06,1.39,0.06,0.17,-0.04,0.16,0.06,-0.01,0.06,1
		0.74,0.23,0.03,-9.58,0.28,-0.15,0.23,0.28,-0.15,0.23,1.00,-0.01,0.01,0.01,1.00,-0.02,-0.00,0.02,1.00,0.0000059,1.34,0.43,0.37,0.18,1.95,0.17,0.07,1.47,0.06,0.18,-0.05,0.17,0.07,-0.01,0.06,1
		0.78,0.23,0.00,-9.58,0.28,-0.19,0.23,0.28,-0.19,0.23,1.00,-0.01,0.01,0.01,1.00,-0.02,-0.01,0.02,1.00,0.0000092,1.65,0.49,0.55,0.19,1.95,0.18,0.07,1.55,0.07,0.19,-0.06,0.18,0.07,-0.01,0.07,1
		0.82,0.21,0.04,-9.59,0.27,-0.17,0.22,0.27,-0.17,0.22,1.00,-0.01,0.01,0.01,1.00,-0.02,-0.01,0.02,1.00,0.0000066,1.59,0.49,0.37,0.21,1.94,0.19,0.08,1.63,0.08,0.21,-0.06,0.19,0.08,-0.02,0.08,1
		0.86,0.22,0.03,-9.59,0.27,-0.19,0.22,0.27,-0.19,0.22,1.00,-0.01,0.01,0.01,1.00,-0.02,-0.01,0.02,1.00,0.0000060,1.46,0.55,0.24,0.22,1.93,0.20,0.09,1.71,0.09,0.22,-0.07,0.20,0.09,-0.02,0.09,1
		0.90,0.24,0.02,-9.58,0.30,-0.20,0.23,0.30,-0.20,0.23,1.00,-0.01,0.01,0.01,1.00,-0.02,-0.01,0.02,1.00,0.0000074,1.53,0.31,0.43,0.23,1.92,0.21,0.10,1.79,0.10,0.23,-0.08,0.21,0.10,-0.02,0.10,1
		0.94,0.23,0.01,-9.58,0.29,-0.22,0.23,0.29,-0.22,0.23,1.00,-0.01,0.01,0.01,1.00,-0.02,-0.01,0.02,1.00,0.0000066,1.46,0.37,0.55,0.24,1.91,0.22,0.11,1.87,0.11,0.24,-0.09,0.22,0.11,-0.02,0.11,1
		0.99,0.23,0.04,-9.59,0.29,-0.21,0.22,0.29,-0.21,0.22,1.00,-0.01,0.01,0.01,1.00,-0.03,-0.01,0.03,1.00,0.0000084,1.65,0.31,0.55,0.25,1.91,0.23,0.12,1.94,0.11,0.25,-0.10,0.23,0.12,-0.03,0.11,1
		1.03,0.20,0.08,-9.60,0.27,-0.18,0.21,0.27,-0.18,0.21,1.00,-0.01,0.01,0.01,1.00,-0.03,-0.01,0.03,1.00,0.0000057,1.34,0.37,0.24,0.26,1.90,0.24,0.13,2.02,0.12,0.26,-0.11,0.24,0.13,-0.03,0.12,1
		1.07,0.23,0.02,-9.58,0.30,-0.25,0.23,0.30,-0.25,0.23,1.00,-0.01,0.01,0.01,1.00,-0.03,-0.01,0.03,1.00,0.0000080,1.40,0.37,0.61,0.28,1.89,0.25,0.14,2.10,0.13,0.28,-0.11,0.25,0.14,-0.04,0.13,1
		1.11,0.22,0.02,-9.59,0.30,-0.25,0.23,0.30,-0.25,0.23,1.00,-0.01,0.01,0.01,1.00,-0.03,-0.01,0.03,1.00,0.0000085,1.46,0.55,0.67,0.29,1.88,0.26,0.15,2.18,0.14,0.29,-0.12,0.26,0.15,-0.04,0.14,1
		1.15,0.22,0.03,-9.59,0.29,-0.26,0.22,0.29,-0.26,0.22,1.00,-0.01,0.01,0.01,1.00,-0.03,-0.01,0.03,1.00,0.0000066,1.46,0.37,0.55,0.30,1.87,0.27,0.16,2.25,0.16,0.30,-0.13,0.27,0.16,-0.05,0.16,1
		1.19,0.22,0.01,-9.58,0.29,-0.28,0.23,0.29,-0.28,0.23,1.00,-0.01,0.01,0.01,1.00,-0.03,-0.01,0.03,1.00,0.0000079,1.53,0.37,0.55,0.31,1.86,0.28,0.18,2.33,0.17,0.31,-0.15,0.28,0.18,-0.05,0.17,1
		1.23,0.22,0.03,-9.59,0.30,-0.28,0.22,0.30,-0.28,0.22,1.00,-0.01,0.01,0.01,1.00,-0.03,-0.01,0.03,1.00,0.0000077,1.59,0.31,0.37,0.32,1.85,0.29,0.19,2.41,0.18,0.32,-0.16,0.29,0.19,-0.06,0.18,1
		1.27,0.23,0.02,-9.59,0.31,-0.29,0.23,0.31,-0.29,0.23,1.00,-0.01,0.01,0.01,1.00,-0.03,-0.01,0.03,1.00,0.0000072,1.40,0.37,0.43,0.34,1.83,0.30,0.20,2.48,0.19,0.34,-0.17,0.30,0.20,-0.07,0.19,1
		1.31,0.23,0.02,-9.59,0.32,-0.31,0.23,0.32,-0.31,0.23,1.00,-0.01,0.01,0.01,1.00,-0.03,-0.01,0.03,1.00,0.0000063,1.40,0.49,0.49,0.35,1.82,0.30,0.22,2.56,0.20,0.35,-0.18,0.30,0.22,-0.07,0.20,1
		1.36,0.22,0.03,-9.58,0.31,-0.31,0.23,0.31,-0.31,0.23,1.00,-0.01,0.01,0.01,1.00,-0.03,-0.01,0.03,1.00,0.0000059,1.40,0.55,0.55,0.36,1.81,0.31,0.23,2.63,0.22,0.36,-0.19,0.31,0.23,-0.08,0.22,1
		1.40,0.22,0.01,-9.59,0.32,-0.34,0.23,0.32,-0.34,0.23,1.00,-0.01,0.01,0.01,1.00,-0.04,-0.01,0.04,1.00,0.0000067,1.40,0.37,0.55,0.38,1.80,0.32,0.25,2.71,0.23,0.38,-0.21,0.32,0.25,-0.09,0.23,1
		1.44,0.20,0.03,-9.59,0.30,-0.32,0.23,0.30,-0.32,0.23,1.00,-0.01,0.01,0.01,1.00,-0.04,-0.01,0.04,1.00,0.0000067,1.46,0.43,0.43,0.39,1.78,0.33,0.26,2.78,0.24,0.39,-0.22,0.33,0.26,-0.10,0.24,1
		1.48,0.23,0.02,-9.58,0.32,-0.35,0.24,0.32,-0.35,0.24,1.00,-0.01,0.01,0.01,1.00,-0.04,-0.01,0.04,1.00,0.0000062,1.46,0.49,0.49,0.40,1.77,0.34,0.28,2.85,0.26,0.40,-0.23,0.34,0.28,-0.11,0.26,1
		1.52,0.22,0.03,-9.59,0.32,-0.34,0.22,0.32,-0.34,0.22,1.00,-0.01,0.01,0.01,1.00,-0.04,-0.01,0.04,1.00,0.0000075,1.40,0.37,0.37,0.41,1.75,0.35,0.30,2.93,0.27,0.41,-0.25,0.35,0.30,-0.12,0.27,1
		1.56,0.23,0.02,-9.59,0.33,-0.36,0.23,0.33,-0.36,0.23,1.00,-0.01,0.01,0.01,1.00,-0.04,-0.01,0.04,1.00,0.0000075,1.46,0.43,0.61,0.43,1.74,0.36,0.31,3.00,0.28,0.43,-0.26,0.36,0.31,-0.13,0.28,1
		1.60,0.23,0.02,-9.59,0.34,-0.37,0.23,0.34,-0.37,0.23,1.00,-0.01,0.01,0.01,1.00,-0.04,-0.01,0.04,1.00,0.0000059,1.40,0.31,0.49,0.44,1.73,0.37,0.33,3.07,0.30,0.44,-0.28,0.37,0.33,-0.14,0.30,1
		1.64,0.22,0.03,-9.58,0.33,-0.38,0.24,0.33,-0.38,0.24,1.00,-0.01,0.01,0.01,1.00,-0.04,-0.01,0.04,1.00,0.0000067,1.34,0.49,0.43,0.45,1.71,0.38,0.35,3.14,0.31,0.45,-0.29,0.38,0.35,-0.15,0.31,1
		1.68,0.22,0.02,-9.59,0.33,-0.39,0.23,0.33,-0.39,0.23,1.00,-0.01,0.01,0.01,1.00,-0.04,-0.01,0.04,1.00,0.0000084,1.46,0.31,0.61,0.47,1.69,0.39,0.37,3.21,0.33,0.47,-0.31,0.39,0.37,-0.16,0.33,1
		1.72,0.21,0.03,-9.59,0.32,-0.39,0.23,0.32,-0.39,0.23,1.00,-0.01,0.01,0.01,1.00,-0.04,-0.01,0.04,1.00,0.0000063,1.40,0.49,0.24,0.48,1.68,0.40,0.39,3.28,0.35,0.48,-0.33,0.40,0.39,-0.18,0.35,1
		1.77,0.22,0.02,-9.59,0.33,-0.41,0.23,0.33,-0.41,0.23,1.00,-0.01,0.01,0.01,1.00,-0.04,-0.01,0.04,1.00,0.0000054,1.28,0.43,0.49,0.50,1.66,0.41,0.41,3.35,0.36,0.50,-0.34,0.41,0.41,-0.19,0.36,1
		1.81,0.23,0.01,-9.60,0.35,-0.43,0.22,0.35,-0.43,0.22,1.00,-0.01,0.01,0.02,1.00,-0.05,-0.01,0.05,1.00,0.0000070,1.46,0.49,0.67,0.51,1.64,0.42,0.43,3.41,0.38,0.51,-0.36,0.42,0.43,-0.20,0.38,1
		1.85,0.21,0.02,-9.58,0.33,-0.43,0.25,0.33,-0.43,0.25,1.00,-0.02,0.01,0.02,1.00,-0.05,-0.01,0.05,1.00,0.0000076,1.46,0.49,0.55,0.52,1.63,0.43,0.45,3.48,0.40,0.52,-0.38,0.43,0.45,-0.22,0.40,1
		1.89,0.23,0.01,-9.59,0.35,-0.45,0.23,0.35,-0.45,0.23,1.00,-0.02,0.01,0.02,1.00,-0.05,-0.01,0.05,1.00,0.0000045,1.28,0.31,0.55,0.54,1.61,0.44,0.47,3.55,0.42,0.54,-0.39,0.44,0.47,-0.23,0.42,1
		1.93,0.21,0.03,-9.60,0.34,-0.44,0.23,0.34,-0.44,0.23,1.00,-0.02,0.01,0.02,1.00,-0.05,-0.01,0.05,1.00,0.0000075,1.46,0.43,0.31,0.55,1.59,0.45,0.49,3.61,0.43,0.55,-0.41,0.45,0.49,-0.25,0.43,1
		1.97,0.21,0.01,-9.59,0.34,-0.47,0.23,0.34,-0.47,0.23,1.00,-0.02,0.01,0.02,1.00,-0.05,-0.01,0.05,1.00,0.0000072,1.40,0.37,0.43,0.56,1.57,0.46,0.52,3.68,0.45,0.56,-0.43,0.46,0.52,-0.27,0.45,1
		2.01,0.22,0.02,-9.59,0.35,-0.47,0.23,0.35,-0.47,0.23,1.00,-0.02,0.01,0.02,1.00,-0.05,-0.01,0.05,1.00,0.0000064,1.46,0.43,0.49,0.58,1.55,0.47,0.54,3.74,0.47,0.58,-0.45,0.47,0.54,-0.29,0.47,1
		2.05,0.23,0.01,-9.59,0.37,-0.50,0.23,0.37,-0.50,0.23,1.00,-0.02,0.01,0.02,1.00,-0.05,-0.01,0.05,1.00,0.0000072,1.53,0.31,0.49,0.59,1.53,0.48,0.56,3.80,0.49,0.59,-0.47,0.48,0.56,-0.31,0.49,1
		2.09,0.22,0.02,-9.60,0.36,-0.49,0.22,0.36,-0.49,0.22,1.00,-0.02,0.02,0.02,1.00,-0.05,-0.01,0.05,1.00,0.0000057,1.34,0.37,0.24,0.61,1.51,0.48,0.59,3.87,0.51,0.61,-0.49,0.48,0.59,-0.33,0.51,1
		2.13,0.23,0.02,-9.59,0.37,-0.50,0.23,0.37,-0.50,0.23,1.00,-0.02,0.02,0.02,1.00,-0.05,-0.01,0.05,1.00,0.0000075,1.53,0.37,0.67,0.62,1.49,0.49,0.61,3.93,0.53,0.62,-0.51,0.49,0.61,-0.35,0.53,1
		2.17,0.23,0.02,-9.59,0.37,-0.52,0.24,0.37,-0.52,0.24,1.00,-0.02,0.02,0.02,1.00,-0.05,-0.01,0.06,1.00,0.0000075,1.53,0.24,0.55,0.64,1.47,0.50,0.64,3.99,0.55,0.64,-0.53,0.50,0.64,-0.37,0.55,1
		2.22,0.22,0.02,-9.59,0.36,-0.52,0.24,0.36,-0.52,0.24,1.00,-0.02,0.02,0.02,1.00,-0.06,-0.01,0.06,1.00,0.0000050,1.28,0.31,0.43,0.65,1.45,0.51,0.67,4.05,0.57,0.65,-0.55,0.51,0.67,-0.39,0.57,1
		2.26,0.22,0.02,-9.59,0.36,-0.53,0.24,0.36,-0.53,0.24,1.00,-0.02,0.02,0.02,1.00,-0.06,-0.02,0.06,1.00,0.0000051,1.16,0.49,0.55,0.67,1.43,0.52,0.69,4.11,0.59,0.67,-0.57,0.52,0.69,-0.41,0.59,1
		2.30,0.23,0.00,-9.59,0.38,-0.56,0.24,0.38,-0.56,0.24,1.00,-0.02,0.02,0.02,1.00,-0.06,-0.02,0.06,1.00,0.0000069,1.40,0.49,0.73,0.68,1.41,0.53,0.72,4.17,0.61,0.68,-0.60,0.53,0.72,-0.44,0.61,1
		2.34,0.22,0.03,-9.59,0.37,-0.53,0.24,0.37,-0.53,0.24,1.00,-0.02,0.02,0.02,1.00,-0.06,-0.02,0.06,1.00,0.0000072,1.40,0.43,0.37,0.70,1.38,0.54,0.75,4.22,0.64,0.70,-0.62,0.54,0.75,-0.46,0.64,1
		2.38,0.23,0.01,-9.60,0.39,-0.57,0.23,0.39,-0.57,0.23,1.00,-0.02,0.02,0.02,1.00,-0.06,-0.02,0.06,1.00,0.0000075,1.46,0.31,0.43,0.72,1.36,0.55,0.78,4.28,0.66,0.72,-0.64,0.55,0.78,-0.49,0.66,1
		2.42,0.22,0.03,-9.60,0.38,-0.56,0.23,0.38,-0.56,0.23,1.00,-0.02,0.02,0.02,1.00,-0.06,-0.02,0.06,1.00,0.0000068,1.34,0.37,0.55,0.73,1.34,0.56,0.81,4.33,0.68,0.73,-0.67,0.56,0.81,-0.51,0.68,1
		2.46,0.23,0.01,-9.60,0.39,-0.59,0.24,0.39,-0.59,0.24,1.00,-0.02,0.02,0.02,1.00,-0.06,-0.02,0.06,1.00,0.0000074,1.40,0.43,0.67,0.75,1.31,0.57,0.84,4.39,0.70,0.75,-0.69,0.57,0.84,-0.54,0.70,1
		2.50,0.22,0.03,-9.60,0.38,-0.58,0.23,0.38,-0.58,0.23,1.00,-0.02,0.02,0.02,1.00,-0.06,-0.02,0.06,1.00,0.0000053,1.34,0.37,0.31,0.76,1.29,0.58,0.87,4.44,0.73,0.76,-0.71,0.58,0.87,-0.57,0.73,1
		2.54,0.23,0.02,-9.59,0.39,-0.60,0.24,0.39,-0.60,0.24,1.00,-0.02,0.02,0.02,1.00,-0.06,-0.02,0.06,1.00,0.0000081,1.59,0.49,0.43,0.78,1.27,0.59,0.90,4.50,0.75,0.78,-0.74,0.59,0.90,-0.60,0.75,1
		2.59,0.22,0.02,-9.60,0.39,-0.61,0.24,0.39,-0.61,0.24,1.00,-0.02,0.02,0.02,1.00,-0.06,-0.02,0.07,1.00,0.0000074,1.59,0.24,0.55,0.79,1.24,0.60,0.93,4.55,0.78,0.79,-0.76,0.60,0.93,-0.63,0.78,1
		2.63,0.22,0.02,-9.60,0.39,-0.62,0.24,0.39,-0.62,0.24,1.00,-0.02,0.02,0.02,1.00,-0.07,-0.02,0.07,1.00,0.0000063,1.53,0.49,0.43,0.81,1.22,0.61,0.97,4.60,0.80,0.81,-0.79,0.61,0.97,-0.66,0.80,1
		2.67,0.21,0.03,-9.59,0.38,-0.62,0.25,0.38,-0.62,0.25,1.00,-0.02,0.02,0.02,1.00,-0.07,-0.02,0.07,1.00,0.0000068,1.40,0.43,0.43,0.83,1.19,0.62,1.00,4.65,0.83,0.83,-0.81,0.62,1.00,-0.70,0.83,1
		2.71,0.23,0.02,-9.60,0.40,-0.65,0.23,0.40,-0.65,0.23,1.00,-0.02,0.02,0.02,1.00,-0.07,-0.02,0.07,1.00,0.0000062,1.40,0.31,0.43,0.84,1.16,0.63,1.03,4.69,0.85,0.84,-0.84,0.63,1.03,-0.73,0.85,1
		2.75,0.21,0.03,-9.60,0.38,-0.64,0.24,0.38,-0.64,0.24,1.00,-0.02,0.02,0.02,1.00,-0.07,-0.02,0.07,1.00,0.0000050,1.28,0.43,0.31,0.86,1.14,0.64,1.07,4.74,0.88,0.86,-0.86,0.64,1.07,-0.76,0.88,1
		2.79,0.24,0.02,-9.60,0.41,-0.66,0.23,0.41,-0.66,0.23,1.00,-0.02,0.02,0.02,1.00,-0.07,-0.02,0.07,1.00,0.0000076,1.46,0.49,0.55,0.87,1.11,0.65,1.10,4.79,0.91,0.87,-0.89,0.65,1.10,-0.80,0.91,1
		2.83,0.22,0.03,-9.61,0.40,-0.66,0.23,0.40,-0.66,0.23,1.00,-0.02,0.02,0.02,1.00,-0.07,-0.02,0.07,1.00,0.0000043,1.34,0.31,0.31,0.89,1.08,0.66,1.14,4.83,0.93,0.89,-0.92,0.66,1.14,-0.84,0.93,1
		2.87,0.21,0.03,-9.61,0.40,-0.67,0.23,0.40,-0.67,0.23,1.00,-0.02,0.02,0.02,1.00,-0.07,-0.02,0.07,1.00,0.0000070,1.34,0.49,0.73,0.91,1.06,0.67,1.18,4.88,0.96,0.91,-0.95,0.67,1.18,-0.88,0.96,1
		2.91,0.22,0.02,-9.62,0.40,-0.69,0.22,0.40,-0.69,0.22,1.00,-0.02,0.02,0.03,1.00,-0.07,-0.02,0.07,1.00,0.0000090,1.53,0.49,0.61,0.92,1.03,0.68,1.21,4.92,0.99,0.92,-0.97,0.68,1.21,-0.91,0.99,1
		2.95,0.22,0.02,-9.60,0.41,-0.70,0.24,0.41,-0.70,0.24,1.00,-0.02,0.02,0.03,1.00,-0.07,-0.02,0.07,1.00,0.0000065,1.40,0.31,0.37,0.94,1.00,0.69,1.25,4.96,1.01,0.94,-1.00,0.69,1.25,-0.96,1.01,1
		3.00,0.21,0.02,-9.61,0.41,-0.71,0.23,0.41,-0.71,0.23,1.00,-0.02,0.02,0.03,1.00,-0.07,-0.02,0.08,1.00,0.0000086,1.53,0.61,0.55,0.96,0.97,0.70,1.29,5.00,1.04,0.96,-1.03,0.70,1.29,-1.00,1.04,1
		3.04,0.22,0.03,-9.61,0.42,-0.71,0.23,0.42,-0.71,0.23,1.00,-0.02,0.02,0.03,1.00,-0.08,-0.02,0.08,1.00,0.0000085,1.40,0.31,0.61,0.97,0.94,0.71,1.33,5.04,1.07,0.97,-1.06,0.71,1.33,-1.04,1.07,1
		3.08,0.22,0.03,-9.61,0.42,-0.72,0.23,0.42,-0.72,0.23,1.00,-0.02,0.02,0.03,1.00,-0.08,-0.02,0.08,1.00,0.0000059,1.34,0.18,0.43,0.99,0.91,0.72,1.37,5.08,1.10,0.99,-1.09,0.72,1.37,-1.08,1.10,1
		3.12,0.22,0.03,-9.61,0.42,-0.73,0.23,0.42,-0.73,0.23,1.00,-0.03,0.02,0.03,1.00,-0.08,-0.02,0.08,1.00,0.0000052,1.22,0.24,0.49,1.01,0.88,0.73,1.41,5.12,1.13,1.01,-1.12,0.73,1.41,-1.13,1.13,1
		3.16,0.23,0.03,-9.61,0.42,-0.74,0.23,0.42,-0.74,0.23,1.00,-0.03,0.02,0.03,1.00,-0.08,-0.02,0.08,1.00,0.0000064,1.46,0.24,0.43,1.03,0.85,0.73,1.45,5.15,1.16,1.03,-1.15,0.73,1.45,-1.18,1.16,1
		3.20,0.23,0.02,-9.60,0.43,-0.76,0.24,0.43,-0.76,0.24,1.00,-0.03,0.02,0.03,1.00,-0.08,-0.02,0.08,1.00,0.0000081,1.53,0.37,0.55,1.04,0.82,0.74,1.50,5.19,1.19,1.04,-1.18,0.74,1.50,-1.22,1.19,1
		3.24,0.22,0.02,-9.60,0.43,-0.77,0.25,0.43,-0.77,0.25,1.00,-0.03,0.02,0.03,1.00,-0.08,-0.02,0.08,1.00,0.0000059,1.40,0.55,0.55,1.06,0.79,0.75,1.54,5.22,1.22,1.06,-1.21,0.75,1.54,-1.27,1.22,1
		3.28,0.21,0.03,-9.60,0.42,-0.77,0.25,0.42,-0.77,0.25,1.00,-0.03,0.02,0.03,1.00,-0.08,-0.02,0.08,1.00,0.0000065,1.46,0.43,0.43,1.08,0.76,0.76,1.58,5.25,1.25,1.08,-1.24,0.76,1.58,-1.32,1.25,1
		3.32,0.23,0.02,-9.60,0.44,-0.79,0.25,0.44,-0.79,0.25,1.00,-0.03,0.02,0.03,1.00,-0.08,-0.02,0.08,1.00,0.0000072,1.34,0.49,0.67,1.10,0.73,0.78,1.63,5.28,1.29,1.10,-1.28,0.78,1.63,-1.38,1.29,1
		3.37,0.23,0.02,-9.60,0.44,-0.80,0.25,0.44,-0.80,0.25,1.00,-0.03,0.02,0.03,1.00,-0.08,-0.02,0.08,1.00,0.0000069,1.40,0.37,0.49,1.11,0.69,0.79,1.67,5.31,1.32,1.11,-1.31,0.79,1.67,-1.43,1.32,1
		3.41,0.22,0.04,-9.61,0.43,-0.79,0.24,0.43,-0.79,0.24,1.00,-0.03,0.02,0.03,1.00,-0.08,-0.02,0.09,1.00,0.0000062,1.59,0.24,0.43,1.13,0.66,0.80,1.72,5.34,1.35,1.13,-1.34,0.80,1.72,-1.48,1.35,1
		3.45,0.23,0.02,-9.60,0.44,-0.82,0.25,0.44,-0.82,0.25,1.00,-0.03,0.02,0.03,1.00,-0.09,-0.02,0.09,1.00,0.0000075,1.40,0.37,0.37,1.15,0.63,0.81,1.77,5.37,1.38,1.15,-1.37,0.81,1.77,-1.54,1.38,1
		3.49,0.22,0.03,-9.61,0.44,-0.82,0.24,0.44,-0.82,0.24,1.00,-0.03,0.03,0.03,1.00,-0.09,-0.02,0.09,1.00,0.0000081,1.46,0.31,0.67,1.17,0.60,0.82,1.82,5.39,1.42,1.17,-1.41,0.82,1.82,-1.60,1.42,1
		3.53,0.23,0.03,-9.61,0.45,-0.83,0.24,0.45,-0.83,0.24,1.00,-0.03,0.03,0.03,1.00,-0.09,-0.02,0.09,1.00,0.0000075,1.40,0.43,0.61,1.19,0.56,0.83,1.86,5.41,1.45,1.19,-1.44,0.83,1.86,-1.65,1.45,1
		3.57,0.23,0.02,-9.61,0.45,-0.85,0.25,0.45,-0.85,0.25,1.00,-0.03,0.03,0.03,1.00,-0.09,-0.02,0.09,1.00,0.0000065,1.53,0.49,0.37,1.20,0.53,0.84,1.91,5.44,1.48,1.20,-1.48,0.84,1.91,-1.72,1.48,1
		3.61,0.23,0.01,-9.60,0.46,-0.87,0.26,0.46,-0.87,0.26,1.00,-0.03,0.03,0.03,1.00,-0.09,-0.02,0.09,1.00,0.0000077,1.59,0.37,0.61,1.22,0.49,0.85,1.96,5.46,1.52,1.22,-1.51,0.85,1.96,-1.78,1.52,1
		3.65,0.21,0.02,-9.61,0.44,-0.87,0.25,0.44,-0.87,0.25,1.00,-0.03,0.03,0.03,1.00,-0.09,-0.02,0.09,1.00,0.0000095,1.65,0.55,0.43,1.24,0.45,0.86,2.02,5.48,1.55,1.24,-1.55,0.86,2.02,-1.84,1.55,1
		3.70,0.22,0.02,-9.60,0.45,-0.88,0.26,0.45,-0.88,0.26,1.00,-0.03,0.03,0.03,1.00,-0.09,-0.02,0.09,1.00,0.0000063,1.40,0.55,0.43,1.26,0.42,0.87,2.07,5.50,1.59,1.26,-1.59,0.87,2.07,-1.91,1.59,1
		3.74,0.21,0.02,-9.61,0.45,-0.90,0.25,0.45,-0.90,0.25,1.00,-0.03,0.03,0.03,1.00,-0.09,-0.02,0.09,1.00,0.0000083,1.53,0.61,0.61,1.28,0.38,0.88,2.12,5.51,1.63,1.28,-1.62,0.88,2.12,-1.97,1.63,1
		3.78,0.23,0.01,-9.59,0.47,-0.91,0.27,0.47,-0.91,0.27,1.00,-0.03,0.03,0.03,0.99,-0.09,-0.02,0.10,1.00,0.0000059,1.34,0.43,0.37,1.30,0.34,0.89,2.17,5.53,1.66,1.30,-1.66,0.89,2.17,-2.04,1.66,1
		3.82,0.23,0.03,-9.60,0.47,-0.91,0.26,0.47,-0.91,0.26,1.00,-0.03,0.03,0.03,0.99,-0.10,-0.03,0.10,1.00,0.0000079,1.46,0.43,0.55,1.32,0.31,0.90,2.23,5.54,1.70,1.32,-1.70,0.90,2.23,-2.11,1.70,1
		3.86,0.22,0.02,-9.62,0.46,-0.92,0.25,0.46,-0.92,0.25,1.00,-0.03,0.03,0.03,0.99,-0.10,-0.03,0.10,0.99,0.0000064,1.46,0.49,0.43,1.34,0.27,0.91,2.28,5.55,1.74,1.34,-1.73,0.91,2.28,-2.18,1.74,1
		3.90,0.23,0.02,-9.61,0.48,-0.94,0.25,0.48,-0.94,0.25,1.00,-0.03,0.03,0.03,0.99,-0.10,-0.03,0.10,0.99,0.0000085,1.59,0.55,0.61,1.36,0.23,0.92,2.34,5.56,1.77,1.36,-1.77,0.92,2.34,-2.25,1.77,1
		3.94,0.22,0.02,-9.60,0.47,-0.94,0.26,0.47,-0.94,0.26,1.00,-0.03,0.03,0.03,0.99,-0.10,-0.03,0.10,0.99,0.0000079,1.46,0.43,0.55,1.38,0.19,0.93,2.39,5.57,1.81,1.38,-1.81,0.93,2.39,-2.32,1.81,1
		3.98,0.22,0.01,-9.60,0.47,-0.96,0.26,0.47,-0.96,0.26,1.00,-0.03,0.03,0.04,0.99,-0.10,-0.03,0.10,0.99,0.0000067,1.53,0.37,0.49,1.39,0.15,0.94,2.45,5.58,1.85,1.39,-1.85,0.94,2.45,-2.40,1.85,1
		4.03,0.21,0.03,-9.62,0.47,-0.96,0.25,0.47,-0.96,0.25,1.00,-0.03,0.03,0.04,0.99,-0.10,-0.03,0.10,0.99,0.0000066,1.53,0.43,0.43,1.41,0.11,0.95,2.51,5.58,1.89,1.41,-1.89,0.95,2.51,-2.48,1.89,1
		4.07,0.23,0.01,-9.61,0.48,-0.98,0.26,0.48,-0.98,0.26,1.00,-0.03,0.03,0.04,0.99,-0.10,-0.03,0.10,0.99,0.0000065,1.40,0.49,0.43,1.43,0.07,0.96,2.56,5.59,1.93,1.43,-1.93,0.96,2.56,-2.55,1.93,1
		4.11,0.22,0.03,-9.61,0.48,-0.98,0.26,0.48,-0.98,0.26,1.00,-0.03,0.03,0.04,0.99,-0.10,-0.03,0.10,0.99,0.0000071,1.46,0.31,0.55,1.45,0.03,0.97,2.62,5.59,1.97,1.45,-1.97,0.97,2.62,-2.63,1.97,1
		4.15,0.23,0.02,-9.61,0.49,-1.00,0.26,0.49,-1.00,0.26,1.00,-0.03,0.03,0.04,0.99,-0.10,-0.03,0.10,0.99,0.0000066,1.53,0.43,0.43,1.47,-0.01,0.98,2.68,5.59,2.01,1.47,-2.01,0.98,2.68,-2.72,2.01,1
		4.19,0.22,0.02,-9.61,0.49,-1.00,0.26,0.49,-1.00,0.26,1.00,-0.03,0.03,0.04,0.99,-0.10,-0.03,0.11,0.99,0.0000071,1.46,0.37,0.43,1.49,-0.05,0.99,2.74,5.59,2.05,1.49,-2.05,0.99,2.74,-2.80,2.05,1
		4.23,0.23,0.02,-9.61,0.49,-1.01,0.26,0.49,-1.01,0.26,1.00,-0.03,0.03,0.04,0.99,-0.11,-0.03,0.11,0.99,0.0000069,1.34,0.43,0.43,1.51,-0.09,1.00,2.81,5.59,2.09,1.51,-2.09,1.00,2.81,-2.88,2.09,1
		4.27,0.22,0.02,-9.61,0.49,-1.03,0.27,0.49,-1.03,0.27,1.00,-0.03,0.03,0.04,0.99,-0.11,-0.03,0.11,0.99,0.0000067,1.53,0.37,0.49,1.53,-0.13,1.02,2.87,5.58,2.13,1.53,-2.13,1.02,2.87,-2.97,2.13,1
		4.31,0.21,0.02,-9.60,0.49,-1.03,0.27,0.49,-1.03,0.27,1.00,-0.03,0.03,0.04,0.99,-0.11,-0.03,0.11,0.99,0.0000072,1.40,0.37,0.43,1.55,-0.17,1.03,2.93,5.58,2.17,1.55,-2.18,1.03,2.93,-3.06,2.17,1
		4.35,0.23,0.01,-9.60,0.50,-1.05,0.28,0.50,-1.05,0.28,1.00,-0.03,0.03,0.04,0.99,-0.11,-0.03,0.11,0.99,0.0000079,1.34,0.37,0.67,1.57,-0.22,1.04,3.00,5.57,2.21,1.57,-2.22,1.04,3.00,-3.15,2.21,1
		4.39,0.22,0.02,-9.60,0.50,-1.06,0.28,0.50,-1.06,0.28,1.00,-0.04,0.03,0.04,0.99,-0.11,-0.03,0.11,0.99,0.0000072,1.53,0.67,0.43,1.59,-0.26,1.05,3.06,5.56,2.26,1.59,-2.26,1.05,3.06,-3.24,2.26,1
		4.43,0.21,0.03,-9.60,0.49,-1.06,0.28,0.49,-1.06,0.28,1.00,-0.04,0.03,0.04,0.99,-0.11,-0.03,0.11,0.99,0.0000069,1.40,0.37,0.49,1.61,-0.30,1.06,3.13,5.55,2.30,1.61,-2.30,1.06,3.13,-3.33,2.30,1
		4.48,0.22,0.01,-9.60,0.51,-1.09,0.28,0.51,-1.09,0.28,1.00,-0.04,0.03,0.04,0.99,-0.11,-0.03,0.11,0.99,0.0000072,1.53,0.43,0.67,1.63,-0.35,1.07,3.19,5.53,2.34,1.63,-2.35,1.07,3.19,-3.43,2.34,1
		4.52,0.22,0.02,-9.61,0.51,-1.08,0.27,0.51,-1.08,0.27,1.00,-0.04,0.03,0.04,0.99,-0.11,-0.03,0.11,0.99,0.0000065,1.40,0.24,0.43,1.66,-0.39,1.08,3.26,5.52,2.39,1.66,-2.39,1.08,3.26,-3.53,2.39,1
		4.56,0.22,0.01,-9.60,0.51,-1.10,0.28,0.51,-1.10,0.28,1.00,-0.04,0.03,0.04,0.99,-0.11,-0.03,0.12,0.99,0.0000087,1.59,0.49,0.67,1.68,-0.44,1.09,3.33,5.50,2.43,1.68,-2.44,1.09,3.33,-3.63,2.43,1
		4.60,0.22,0.03,-9.60,0.51,-1.10,0.28,0.51,-1.10,0.28,1.00,-0.04,0.03,0.04,0.99,-0.12,-0.03,0.12,0.99,0.0000068,1.46,0.37,0.49,1.70,-0.48,1.11,3.40,5.48,2.48,1.70,-2.48,1.11,3.40,-3.73,2.48,1
		4.64,0.22,0.01,-9.59,0.51,-1.12,0.29,0.51,-1.12,0.29,1.00,-0.04,0.03,0.04,0.99,-0.12,-0.03,0.12,0.99,0.0000067,1.40,0.49,0.37,1.72,-0.53,1.12,3.47,5.46,2.52,1.72,-2.53,1.12,3.47,-3.83,2.52,1
		4.68,0.22,0.02,-9.60,0.51,-1.13,0.29,0.51,-1.13,0.29,1.00,-0.04,0.04,0.04,0.99,-0.12,-0.03,0.12,0.99,0.0000075,1.53,0.37,0.67,1.74,-0.57,1.13,3.54,5.44,2.57,1.74,-2.58,1.13,3.54,-3.94,2.57,1
		4.72,0.22,0.02,-9.60,0.52,-1.13,0.29,0.52,-1.13,0.29,1.00,-0.04,0.04,0.04,0.99,-0.12,-0.03,0.12,0.99,0.0000050,1.28,0.43,0.61,1.76,-0.62,1.14,3.61,5.42,2.62,1.76,-2.62,1.14,3.61,-4.04,2.62,1
		4.76,0.22,0.02,-9.62,0.52,-1.15,0.27,0.52,-1.15,0.27,1.00,-0.04,0.04,0.04,0.99,-0.12,-0.03,0.12,0.99,0.0000073,1.53,0.37,0.37,1.78,-0.67,1.15,3.69,5.39,2.67,1.78,-2.67,1.15,3.69,-4.15,2.67,1
		4.80,0.23,0.01,-9.59,0.53,-1.16,0.30,0.53,-1.16,0.30,1.00,-0.04,0.04,0.04,0.99,-0.12,-0.03,0.12,0.99,0.0000072,1.40,0.43,0.37,1.80,-0.71,1.17,3.76,5.36,2.71,1.80,-2.72,1.17,3.76,-4.26,2.71,1
		4.85,0.21,0.02,-9.61,0.52,-1.17,0.28,0.52,-1.17,0.28,1.00,-0.04,0.04,0.04,0.99,-0.12,-0.03,0.12,0.99,0.0000060,1.34,0.31,0.49,1.82,-0.76,1.18,3.83,5.33,2.76,1.82,-2.76,1.18,3.83,-4.37,2.76,1
		4.89,0.22,0.03,-9.60,0.53,-1.17,0.30,0.53,-1.17,0.30,1.00,-0.04,0.04,0.04,0.99,-0.12,-0.03,0.12,0.99,0.0000066,1.46,0.37,0.55,1.85,-0.81,1.19,3.91,5.30,2.81,1.85,-2.81,1.19,3.91,-4.49,2.81,1
		4.93,0.22,0.01,-9.60,0.53,-1.19,0.29,0.53,-1.19,0.29,1.00,-0.04,0.04,0.04,0.99,-0.12,-0.03,0.12,0.99,0.0000080,1.53,0.49,0.43,1.87,-0.86,1.20,3.98,5.26,2.86,1.87,-2.86,1.20,3.98,-4.60,2.86,1
		4.97,0.22,0.01,-9.60,0.53,-1.20,0.30,0.53,-1.20,0.30,1.00,-0.04,0.04,0.04,0.99,-0.12,-0.03,0.13,0.99,0.0000069,1.46,0.43,0.73,1.89,-0.91,1.21,4.07,5.23,2.91,1.89,-2.91,1.21,4.07,-4.73,2.91,1
		5.01,0.23,0.02,-9.61,0.54,-1.21,0.29,0.54,-1.21,0.29,1.00,-0.04,0.04,0.04,0.99,-0.13,-0.03,0.13,0.99,0.0000064,1.40,0.43,0.49,1.91,-0.96,1.23,4.14,5.19,2.96,1.91,-2.96,1.23,4.14,-4.85,2.96,1
		5.05,0.22,0.02,-9.62,0.54,-1.22,0.28,0.54,-1.22,0.28,1.00,-0.04,0.04,0.05,0.99,-0.13,-0.03,0.13,0.99,0.0000067,1.53,0.49,0.37,1.94,-1.01,1.24,4.22,5.15,3.01,1.94,-3.01,1.24,4.22,-4.97,3.01,1
		5.09,0.23,0.01,-9.61,0.55,-1.24,0.29,0.55,-1.24,0.29,1.00,-0.04,0.04,0.05,0.99,-0.13,-0.03,0.13,0.99,0.0000073,1.53,0.73,0.37,1.96,-1.06,1.25,4.30,5.10,3.06,1.96,-3.06,1.25,4.30,-5.10,3.06,1
		5.14,0.23,0.02,-9.60,0.55,-1.24,0.30,0.55,-1.24,0.30,1.00,-0.04,0.04,0.05,0.99,-0.13,-0.03,0.13,0.99,0.0000094,1.65,0.24,0.49,1.98,-1.11,1.26,4.38,5.06,3.11,1.98,-3.11,1.26,4.38,-5.23,3.11,1
		5.18,0.22,0.02,-9.61,0.55,-1.25,0.29,0.55,-1.25,0.29,1.00,-0.04,0.04,0.05,0.99,-0.13,-0.03,0.13,0.99,0.0000075,1.53,0.55,0.49,2.00,-1.16,1.27,4.47,5.01,3.17,2.00,-3.17,1.27,4.47,-5.36,3.17,1
		5.22,0.22,0.01,-9.61,0.54,-1.27,0.29,0.54,-1.27,0.29,1.00,-0.04,0.04,0.05,0.99,-0.13,-0.03,0.13,0.99,0.0000090,1.53,0.49,0.61,2.03,-1.21,1.29,4.55,4.96,3.22,2.03,-3.22,1.29,4.55,-5.49,3.22,1
		5.26,0.21,0.02,-9.61,0.54,-1.27,0.30,0.54,-1.27,0.30,1.00,-0.04,0.04,0.05,0.99,-0.13,-0.03,0.13,0.99,0.0000073,1.40,0.37,0.37,2.05,-1.27,1.30,4.63,4.91,3.27,2.05,-3.27,1.30,4.63,-5.62,3.27,1
		5.30,0.24,0.01,-9.61,0.57,-1.29,0.30,0.57,-1.29,0.30,1.00,-0.04,0.04,0.05,0.99,-0.13,-0.03,0.13,0.99,0.0000067,1.46,0.43,0.43,2.07,-1.32,1.31,4.72,4.86,3.33,2.07,-3.32,1.31,4.72,-5.76,3.33,1
		5.34,0.21,0.03,-9.61,0.55,-1.28,0.30,0.55,-1.28,0.30,1.00,-0.04,0.04,0.05,0.99,-0.13,-0.03,0.14,0.99,0.0000054,1.46,0.31,0.31,2.09,-1.37,1.32,4.81,4.80,3.38,2.09,-3.38,1.32,4.81,-5.90,3.38,1
		5.38,0.23,0.01,-9.59,0.56,-1.31,0.32,0.56,-1.31,0.32,1.00,-0.04,0.04,0.05,0.99,-0.13,-0.03,0.14,0.99,0.0000069,1.53,0.24,0.67,2.12,-1.43,1.34,4.89,4.75,3.44,2.12,-3.43,1.34,4.89,-6.04,3.44,1
		5.42,0.22,0.02,-9.61,0.56,-1.31,0.31,0.56,-1.31,0.31,1.00,-0.04,0.04,0.05,0.99,-0.14,-0.04,0.14,0.99,0.0000069,1.40,0.37,0.24,2.14,-1.48,1.35,4.98,4.69,3.49,2.14,-3.48,1.35,4.98,-6.18,3.49,1
		5.47,0.23,0.03,-9.60,0.57,-1.31,0.32,0.57,-1.31,0.32,1.00,-0.04,0.04,0.05,0.99,-0.14,-0.04,0.14,0.99,0.0000063,1.40,0.43,0.55,2.16,-1.53,1.36,5.07,4.62,3.55,2.16,-3.54,1.36,5.07,-6.32,3.55,1
		5.51,0.23,0.02,-9.62,0.57,-1.33,0.30,0.57,-1.33,0.30,1.00,-0.04,0.04,0.05,0.99,-0.14,-0.04,0.14,0.99,0.0000067,1.40,0.37,0.55,2.19,-1.59,1.37,5.16,4.56,3.60,2.19,-3.59,1.37,5.16,-6.47,3.60,1
		5.55,0.23,0.03,-9.61,0.57,-1.34,0.31,0.57,-1.34,0.31,1.00,-0.04,0.04,0.05,0.99,-0.14,-0.04,0.14,0.99,0.0000072,1.40,0.37,0.43,2.21,-1.64,1.39,5.25,4.49,3.66,2.21,-3.65,1.39,5.25,-6.62,3.66,1
		5.59,0.22,0.03,-9.60,0.57,-1.34,0.32,0.57,-1.34,0.32,1.00,-0.04,0.04,0.05,0.99,-0.14,-0.04,0.14,0.99,0.0000059,1.40,0.31,0.49,2.23,-1.70,1.40,5.34,4.43,3.72,2.23,-3.70,1.40,5.34,-6.77,3.72,1
		5.63,0.23,0.01,-9.60,0.58,-1.37,0.32,0.58,-1.37,0.32,1.00,-0.04,0.04,0.05,0.99,-0.14,-0.04,0.14,0.99,0.0000070,1.40,0.43,0.79,2.26,-1.75,1.41,5.43,4.35,3.78,2.26,-3.76,1.41,5.43,-6.92,3.78,1
		5.67,0.21,0.03,-9.60,0.56,-1.36,0.32,0.56,-1.36,0.32,1.00,-0.05,0.04,0.05,0.99,-0.14,-0.04,0.14,0.99,0.0000076,1.46,0.49,0.55,2.28,-1.81,1.43,5.52,4.28,3.83,2.28,-3.81,1.43,5.52,-7.08,3.83,1
		5.71,0.23,0.02,-9.60,0.58,-1.38,0.33,0.58,-1.38,0.33,1.00,-0.05,0.04,0.05,0.99,-0.14,-0.04,0.14,0.99,0.0000079,1.46,0.55,0.43,2.30,-1.87,1.44,5.62,4.21,3.89,2.30,-3.87,1.44,5.62,-7.23,3.89,1
		5.75,0.22,0.02,-9.61,0.58,-1.39,0.31,0.58,-1.39,0.31,1.00,-0.05,0.04,0.05,0.99,-0.14,-0.04,0.15,0.99,0.0000060,1.28,0.43,0.18,2.33,-1.92,1.45,5.71,4.13,3.95,2.33,-3.92,1.45,5.71,-7.39,3.95,1
		5.79,0.22,0.02,-9.60,0.58,-1.40,0.33,0.58,-1.40,0.33,1.00,-0.04,0.04,0.05,0.99,-0.14,-0.04,0.15,0.99,0.0000075,1.40,0.49,-0.55,2.35,-1.98,1.47,5.81,4.05,4.01,2.35,-3.98,1.47,5.81,-7.55,4.01,1
		5.84,0.23,0.02,-9.60,0.60,-1.41,0.33,0.60,-1.41,0.33,1.00,-0.05,0.04,0.05,0.99,-0.15,-0.04,0.15,0.99,0.0000089,1.59,0.61,0.49,2.38,-2.04,1.48,5.91,3.96,4.07,2.38,-4.04,1.48,5.91,-7.72,4.07,1
		5.88,0.23,0.02,-9.60,0.60,-1.42,0.34,0.60,-1.42,0.34,1.00,-0.05,0.05,0.05,0.99,-0.15,-0.04,0.15,0.99,0.0000071,1.40,0.49,0.67,2.40,-2.10,1.49,6.01,3.88,4.13,2.40,-4.10,1.49,6.01,-7.89,4.13,1
		5.92,0.23,0.01,-9.60,0.60,-1.44,0.34,0.60,-1.44,0.34,1.00,-0.05,0.05,0.05,0.99,-0.15,-0.04,0.15,0.99,0.0000077,1.40,0.43,0.61,2.43,-2.15,1.51,6.10,3.79,4.20,2.43,-4.16,1.51,6.10,-8.06,4.20,1
		5.96,0.23,0.02,-9.61,0.60,-1.44,0.33,0.60,-1.44,0.33,1.00,-0.05,0.05,0.05,0.99,-0.15,-0.04,0.15,0.99,0.0000074,1.59,0.37,0.67,2.45,-2.21,1.52,6.20,3.70,4.26,2.45,-4.22,1.52,6.20,-8.23,4.26,1
		6.00,0.21,0.02,-9.61,0.59,-1.45,0.32,0.59,-1.45,0.32,1.00,-0.05,0.05,0.05,0.99,-0.15,-0.04,0.15,0.99,0.0000079,1.53,0.55,0.79,2.47,-2.27,1.53,6.31,3.61,4.32,2.47,-4.28,1.53,6.31,-8.40,4.32,1
		6.04,0.23,0.03,-9.61,0.60,-1.45,0.33,0.60,-1.45,0.33,1.00,-0.05,0.05,0.05,0.99,-0.15,-0.04,0.15,0.99,0.0000064,1.34,0.49,0.49,2.50,-2.33,1.55,6.41,3.52,4.38,2.50,-4.34,1.55,6.41,-8.58,4.38,1
		6.08,0.21,0.03,-9.60,0.59,-1.46,0.34,0.59,-1.46,0.34,1.00,-0.05,0.05,0.05,0.99,-0.15,-0.04,0.15,0.99,0.0000073,1.46,0.61,0.49,2.52,-2.39,1.56,6.51,3.42,4.45,2.52,-4.40,1.56,6.51,-8.76,4.45,1
		6.12,0.23,0.01,-9.60,0.61,-1.49,0.35,0.61,-1.49,0.35,1.00,-0.05,0.05,0.05,0.99,-0.15,-0.04,0.16,0.99,0.0000073,1.65,0.43,0.31,2.55,-2.45,1.58,6.61,3.32,4.51,2.55,-4.46,1.58,6.61,-8.94,4.51,1
		6.16,0.22,0.02,-9.60,0.60,-1.49,0.34,0.60,-1.49,0.34,1.00,-0.05,0.05,0.06,0.99,-0.15,-0.04,0.16,0.99,0.0000080,1.40,0.37,0.61,2.57,-2.51,1.59,6.72,3.22,4.58,2.57,-4.52,1.59,6.72,-9.13,4.58,1
		6.20,0.21,0.04,-9.59,0.59,-1.48,0.35,0.59,-1.48,0.35,1.00,-0.05,0.05,0.06,0.99,-0.15,-0.04,0.16,0.99,0.0000067,1.28,0.55,0.79,2.60,-2.57,1.60,6.82,3.11,4.64,2.60,-4.58,1.60,6.82,-9.31,4.64,1
		6.25,0.22,0.02,-9.60,0.61,-1.51,0.35,0.61,-1.51,0.35,1.00,-0.05,0.05,0.06,0.99,-0.16,-0.04,0.16,0.99,0.0000067,1.40,0.55,0.37,2.62,-2.64,1.62,6.93,3.01,4.71,2.62,-4.64,1.62,6.93,-9.50,4.71,1
		6.29,0.22,0.02,-9.60,0.61,-1.52,0.35,0.61,-1.52,0.35,1.00,-0.05,0.05,0.06,0.99,-0.16,-0.04,0.16,0.99,0.0000067,1.53,0.37,0.49,2.65,-2.70,1.63,7.04,2.90,4.77,2.65,-4.70,1.63,7.04,-9.69,4.77,1
		6.33,0.22,0.02,-9.60,0.62,-1.53,0.35,0.62,-1.53,0.35,1.00,-0.05,0.05,0.06,0.99,-0.16,-0.04,0.16,0.99,0.0000072,1.40,0.31,0.55,2.67,-2.76,1.65,7.15,2.79,4.84,2.67,-4.76,1.65,7.15,-9.89,4.84,1
		6.37,0.22,0.01,-9.61,0.62,-1.55,0.34,0.62,-1.55,0.34,1.00,-0.05,0.05,0.06,0.99,-0.16,-0.04,0.16,0.99,0.0000067,1.40,0.37,0.55,2.70,-2.82,1.66,7.26,2.67,4.91,2.70,-4.83,1.66,7.26,-10.08,4.91,1
		6.41,0.23,0.02,-9.60,0.63,-1.55,0.35,0.63,-1.55,0.35,1.00,-0.05,0.05,0.06,0.99,-0.16,-0.04,0.16,0.99,0.0000069,1.40,0.37,0.49,2.72,-2.89,1.67,7.37,2.55,4.98,2.72,-4.89,1.67,7.37,-10.28,4.98,1
		6.45,0.23,0.02,-9.60,0.63,-1.56,0.35,0.63,-1.56,0.35,1.00,-0.05,0.05,0.06,0.99,-0.16,-0.04,0.16,0.99,0.0000067,1.53,0.37,0.49,2.75,-2.95,1.69,7.48,2.43,5.05,2.75,-4.95,1.69,7.48,-10.48,5.05,1
		6.49,0.22,0.01,-9.61,0.62,-1.58,0.35,0.62,-1.58,0.35,1.00,-0.05,0.05,0.06,0.99,-0.16,-0.04,0.16,0.99,0.0000081,1.59,0.43,0.49,2.77,-3.02,1.70,7.60,2.31,5.12,2.77,-5.02,1.70,7.60,-10.69,5.12,1
		6.53,0.23,0.02,-9.61,0.64,-1.58,0.35,0.64,-1.58,0.35,1.00,-0.05,0.05,0.06,0.98,-0.16,-0.04,0.17,0.99,0.0000050,1.34,0.24,0.49,2.80,-3.08,1.72,7.71,2.19,5.19,2.80,-5.08,1.72,7.71,-10.90,5.19,1
		6.57,0.22,0.02,-9.61,0.63,-1.59,0.35,0.63,-1.59,0.35,1.00,-0.05,0.05,0.06,0.98,-0.16,-0.04,0.17,0.99,0.0000067,1.46,0.43,0.43,2.83,-3.14,1.73,7.83,2.06,5.26,2.83,-5.15,1.73,7.83,-11.11,5.26,1
		6.61,0.23,0.01,-9.59,0.64,-1.61,0.37,0.64,-1.61,0.37,1.00,-0.05,0.05,0.06,0.98,-0.17,-0.04,0.17,0.98,0.0000077,1.59,0.43,0.55,2.85,-3.21,1.75,7.94,1.93,5.33,2.85,-5.21,1.75,7.94,-11.32,5.33,1
		6.66,0.23,0.02,-9.61,0.64,-1.61,0.36,0.64,-1.61,0.36,1.00,-0.05,0.05,0.06,0.98,-0.17,-0.04,0.17,0.98,0.0000073,1.46,0.49,0.61,2.88,-3.28,1.76,8.06,1.80,5.40,2.88,-5.28,1.76,8.06,-11.53,5.40,1
		6.70,0.23,0.02,-9.59,0.64,-1.62,0.37,0.64,-1.62,0.37,1.00,-0.05,0.05,0.06,0.98,-0.17,-0.04,0.17,0.98,0.0000078,1.53,0.37,0.61,2.90,-3.34,1.78,8.18,1.66,5.47,2.90,-5.35,1.78,8.18,-11.75,5.47,1
		6.74,0.24,0.01,-9.60,0.65,-1.65,0.37,0.65,-1.65,0.37,1.00,-0.05,0.05,0.06,0.98,-0.17,-0.04,0.17,0.98,0.0000087,1.53,0.43,0.79,2.93,-3.41,1.79,8.30,1.52,5.55,2.93,-5.41,1.79,8.30,-11.97,5.55,1
		6.78,0.22,0.03,-9.61,0.64,-1.63,0.36,0.64,-1.63,0.36,1.00,-0.05,0.05,0.06,0.98,-0.17,-0.04,0.17,0.98,0.0000065,1.59,0.43,0.43,2.96,-3.48,1.81,8.42,1.38,5.62,2.96,-5.48,1.81,8.42,-12.20,5.62,1
		6.82,0.23,0.01,-9.61,0.65,-1.66,0.36,0.65,-1.66,0.36,1.00,-0.05,0.05,0.06,0.98,-0.17,-0.04,0.17,0.98,0.0000087,1.46,0.55,0.61,2.98,-3.55,1.82,8.54,1.23,5.70,2.98,-5.55,1.82,8.54,-12.43,5.70,1
		6.86,0.21,0.02,-9.61,0.63,-1.66,0.36,0.63,-1.66,0.36,1.00,-0.05,0.05,0.06,0.98,-0.17,-0.04,0.17,0.98,0.0000073,1.40,0.37,0.37,3.01,-3.61,1.84,8.67,1.09,5.77,3.01,-5.62,1.84,8.67,-12.65,5.77,1
		6.90,0.23,0.01,-9.60,0.66,-1.69,0.38,0.66,-1.69,0.38,1.00,-0.05,0.05,0.06,0.98,-0.17,-0.04,0.18,0.98,0.0000080,1.40,0.61,0.67,3.04,-3.68,1.85,8.79,0.93,5.85,3.04,-5.69,1.85,8.79,-12.89,5.85,1
		6.95,0.22,0.03,-9.61,0.65,-1.68,0.37,0.65,-1.68,0.37,1.00,-0.05,0.05,0.06,0.98,-0.17,-0.04,0.18,0.98,0.0000072,1.46,0.37,0.37,3.07,-3.76,1.87,8.92,0.78,5.93,3.07,-5.76,1.87,8.92,-13.13,5.93,1
		6.99,0.22,0.01,-9.61,0.65,-1.70,0.38,0.65,-1.70,0.38,1.00,-0.05,0.06,0.06,0.98,-0.17,-0.04,0.18,0.98,0.0000080,1.53,0.43,0.49,3.09,-3.83,1.89,9.05,0.62,6.01,3.09,-5.83,1.89,9.05,-13.38,6.01,1
		7.03,0.23,0.02,-9.60,0.66,-1.70,0.38,0.66,-1.70,0.38,1.00,-0.05,0.06,0.06,0.98,-0.18,-0.05,0.18,0.98,0.0000079,1.53,0.55,0.37,3.12,-3.90,1.90,9.18,0.46,6.09,3.12,-5.90,1.90,9.18,-13.62,6.09,1
		7.07,0.22,0.01,-9.60,0.66,-1.73,0.39,0.66,-1.73,0.39,1.00,-0.06,0.06,0.06,0.98,-0.18,-0.05,0.18,0.98,0.0000082,1.46,0.55,0.67,3.15,-3.97,1.92,9.31,0.29,6.17,3.15,-5.97,1.92,9.31,-13.87,6.17,1
		7.11,0.22,0.04,-9.61,0.66,-1.71,0.37,0.66,-1.71,0.37,1.00,-0.06,0.06,0.06,0.98,-0.18,-0.05,0.18,0.98,0.0000080,1.46,0.37,0.55,3.18,-4.04,1.93,9.44,0.12,6.25,3.18,-6.04,1.93,9.44,-14.12,6.25,1
		7.16,0.23,0.02,-9.60,0.67,-1.74,0.39,0.67,-1.74,0.39,1.00,-0.06,0.06,0.07,0.98,-0.18,-0.05,0.18,0.98,0.0000077,1.46,0.31,0.37,3.20,-4.11,1.95,9.58,-0.05,6.33,3.20,-6.12,1.95,9.58,-14.38,6.33,1
		7.20,0.23,0.01,-9.61,0.67,-1.76,0.39,0.67,-1.76,0.39,1.00,-0.06,0.06,0.07,0.98,-0.18,-0.05,0.18,0.98,0.0000064,1.46,0.49,0.43,3.23,-4.19,1.97,9.71,-0.22,6.41,3.23,-6.19,1.97,9.71,-14.64,6.41,1
		7.24,0.22,0.01,-9.62,0.67,-1.77,0.37,0.67,-1.77,0.37,1.00,-0.06,0.06,0.07,0.98,-0.18,-0.05,0.18,0.98,0.0000079,1.46,0.67,0.61,3.26,-4.26,1.98,9.85,-0.40,6.49,3.26,-6.26,1.98,9.85,-14.89,6.49,1
		7.28,0.22,0.03,-9.61,0.67,-1.76,0.39,0.67,-1.76,0.39,1.00,-0.06,0.06,0.07,0.98,-0.18,-0.05,0.18,0.98,0.0000080,1.65,0.43,0.49,3.29,-4.33,2.00,9.98,-0.58,6.57,3.29,-6.34,2.00,9.98,-15.16,6.57,1
		7.32,0.23,0.01,-9.61,0.68,-1.79,0.39,0.68,-1.79,0.39,1.00,-0.06,0.06,0.07,0.98,-0.18,-0.05,0.19,0.98,0.0000064,1.53,0.43,0.43,3.32,-4.41,2.01,10.12,-0.76,6.66,3.32,-6.41,2.01,10.12,-15.42,6.66,1
		7.36,0.23,0.01,-9.61,0.68,-1.80,0.39,0.68,-1.80,0.39,1.00,-0.06,0.06,0.07,0.98,-0.18,-0.05,0.19,0.98,0.0000069,1.40,0.24,0.37,3.34,-4.48,2.03,10.26,-0.94,6.74,3.34,-6.49,2.03,10.26,-15.69,6.74,1
		7.40,0.23,0.02,-9.62,0.69,-1.80,0.38,0.69,-1.80,0.38,1.00,-0.06,0.06,0.07,0.98,-0.18,-0.05,0.19,0.98,0.0000050,1.28,0.43,0.61,3.37,-4.56,2.05,10.40,-1.13,6.83,3.37,-6.56,2.05,10.40,-15.96,6.83,1
		7.45,0.21,0.02,-9.62,0.66,-1.81,0.38,0.66,-1.81,0.38,1.00,-0.06,0.06,0.07,0.98,-0.19,-0.05,0.19,0.98,0.0000080,1.46,0.37,0.55,3.40,-4.63,2.06,10.54,-1.32,6.91,3.40,-6.63,2.06,10.54,-16.23,6.91,1
		7.49,0.22,0.01,-9.62,0.68,-1.83,0.39,0.68,-1.83,0.39,1.00,-0.06,0.06,0.07,0.98,-0.19,-0.05,0.19,0.98,0.0000074,1.53,0.43,0.61,3.43,-4.71,2.08,10.68,-1.51,7.00,3.43,-6.71,2.08,10.68,-16.51,7.00,1
		7.53,0.22,0.04,-9.61,0.68,-1.81,0.39,0.68,-1.81,0.39,1.00,-0.06,0.06,0.07,0.98,-0.19,-0.05,0.19,0.98,0.0000068,1.46,0.37,0.49,3.46,-4.78,2.09,10.82,-1.71,7.08,3.46,-6.78,2.09,10.82,-16.78,7.08,1
		7.57,0.23,0.01,-9.61,0.69,-1.85,0.41,0.69,-1.85,0.41,1.00,-0.06,0.06,0.07,0.98,-0.19,-0.05,0.19,0.98,0.0000062,1.46,0.49,0.49,3.48,-4.86,2.11,10.96,-1.90,7.17,3.48,-6.86,2.11,10.96,-17.06,7.17,1
		7.61,0.22,0.01,-9.61,0.69,-1.86,0.41,0.69,-1.86,0.41,1.00,-0.06,0.06,0.07,0.98,-0.19,-0.05,0.19,0.98,0.0000074,1.46,0.24,0.55,3.51,-4.93,2.13,11.11,-2.10,7.25,3.51,-6.94,2.13,11.11,-17.35,7.25,1
		7.65,0.23,0.03,-9.62,0.70,-1.85,0.40,0.70,-1.85,0.40,1.00,-0.06,0.06,0.07,0.98,-0.19,-0.05,0.19,0.98,0.0000065,1.34,0.43,0.49,3.54,-5.01,2.14,11.25,-2.31,7.34,3.54,-7.01,2.14,11.25,-17.64,7.34,1
		7.69,0.22,0.02,-9.61,0.69,-1.87,0.40,0.69,-1.87,0.40,1.00,-0.06,0.06,0.07,0.98,-0.19,-0.05,0.20,0.98,0.0000064,1.46,0.49,0.43,3.57,-5.09,2.16,11.40,-2.53,7.43,3.57,-7.09,2.16,11.40,-17.94,7.43,1
		7.74,0.22,0.03,-9.62,0.69,-1.87,0.40,0.69,-1.87,0.40,1.00,-0.06,0.06,0.07,0.98,-0.19,-0.05,0.20,0.98,0.0000072,1.40,0.31,0.49,3.60,-5.17,2.18,11.55,-2.74,7.52,3.60,-7.17,2.18,11.55,-18.23,7.52,1
		7.78,0.23,0.03,-9.61,0.71,-1.89,0.41,0.71,-1.89,0.41,1.00,-0.06,0.06,0.07,0.98,-0.19,-0.05,0.20,0.98,0.0000078,1.53,0.43,0.55,3.63,-5.24,2.19,11.70,-2.95,7.62,3.63,-7.25,2.19,11.70,-18.53,7.62,1
		7.82,0.22,0.01,-9.61,0.70,-1.91,0.42,0.70,-1.91,0.42,1.00,-0.06,0.06,0.07,0.98,-0.19,-0.05,0.20,0.98,0.0000078,1.40,0.55,0.43,3.66,-5.32,2.21,11.85,-3.17,7.71,3.66,-7.33,2.21,11.85,-18.83,7.71,1
		7.86,0.22,0.01,-9.62,0.70,-1.92,0.41,0.70,-1.92,0.41,1.00,-0.06,0.06,0.07,0.98,-0.20,-0.05,0.20,0.98,0.0000091,1.53,0.49,0.55,3.69,-5.40,2.23,12.01,-3.40,7.80,3.69,-7.41,2.23,12.01,-19.14,7.80,1
		7.90,0.22,0.01,-9.62,0.70,-1.93,0.41,0.70,-1.93,0.41,1.00,-0.06,0.06,0.07,0.98,-0.20,-0.05,0.20,0.98,0.0000070,1.46,0.49,0.67,3.72,-5.48,2.24,12.16,-3.63,7.89,3.72,-7.49,2.24,12.16,-19.45,7.89,1
		7.94,0.22,0.03,-9.61,0.71,-1.92,0.42,0.71,-1.92,0.42,1.00,-0.06,0.06,0.07,0.98,-0.20,-0.05,0.20,0.98,0.0000065,1.34,0.43,0.49,3.74,-5.56,2.26,12.31,-3.85,7.99,3.74,-7.57,2.26,12.31,-19.76,7.99,1
		7.99,0.22,0.02,-9.62,0.70,-1.95,0.42,0.70,-1.95,0.42,1.00,-0.06,0.06,0.07,0.98,-0.20,-0.05,0.20,0.98,0.0000073,1.53,0.37,0.37,3.77,-5.64,2.28,12.47,-4.09,8.08,3.77,-7.65,2.28,12.47,-20.08,8.08,1
		8.03,0.22,0.03,-9.62,0.71,-1.94,0.41,0.71,-1.94,0.41,1.00,-0.06,0.06,0.07,0.98,-0.20,-0.05,0.20,0.98,0.0000070,1.40,0.31,0.55,3.80,-5.72,2.30,12.63,-4.32,8.17,3.80,-7.73,2.30,12.63,-20.40,8.17,1
		8.07,0.23,0.01,-9.61,0.72,-1.97,0.43,0.72,-1.97,0.43,1.00,-0.06,0.06,0.07,0.98,-0.20,-0.05,0.20,0.98,0.0000078,1.40,0.31,0.73,3.83,-5.81,2.31,12.79,-4.56,8.27,3.83,-7.81,2.31,12.79,-20.72,8.27,1
		8.11,0.22,0.01,-9.61,0.71,-1.98,0.43,0.71,-1.98,0.43,1.00,-0.06,0.07,0.07,0.98,-0.20,-0.05,0.21,0.98,0.0000072,1.59,0.43,0.61,3.86,-5.89,2.33,12.95,-4.81,8.37,3.86,-7.89,2.33,12.95,-21.05,8.37,1
		8.15,0.22,0.03,-9.62,0.71,-1.97,0.42,0.71,-1.97,0.42,1.00,-0.06,0.07,0.08,0.98,-0.20,-0.05,0.21,0.98,0.0000067,1.53,0.37,0.49,3.89,-5.97,2.35,13.11,-5.06,8.47,3.89,-7.97,2.35,13.11,-21.38,8.47,1
		8.19,0.23,0.01,-9.61,0.72,-2.01,0.43,0.72,-2.01,0.43,1.00,-0.06,0.07,0.08,0.98,-0.20,-0.05,0.21,0.98,0.0000074,1.46,0.37,0.67,3.92,-6.05,2.37,13.27,-5.30,8.56,3.92,-8.06,2.37,13.27,-21.71,8.56,1
		8.24,0.22,0.03,-9.62,0.72,-1.99,0.42,0.72,-1.99,0.42,1.00,-0.06,0.07,0.08,0.98,-0.20,-0.05,0.21,0.98,0.0000061,1.40,0.55,0.49,3.95,-6.14,2.39,13.44,-5.56,8.66,3.95,-8.14,2.39,13.44,-22.05,8.66,1
		8.28,0.22,0.01,-9.62,0.72,-2.02,0.43,0.72,-2.02,0.43,1.00,-0.06,0.07,0.08,0.98,-0.21,-0.05,0.21,0.98,0.0000072,1.46,0.37,0.37,3.98,-6.22,2.40,13.60,-5.81,8.76,3.98,-8.22,2.40,13.60,-22.39,8.76,1
		8.32,0.23,0.03,-9.61,0.73,-2.01,0.44,0.73,-2.01,0.44,1.00,-0.06,0.07,0.08,0.98,-0.21,-0.05,0.21,0.98,0.0000068,1.40,0.43,0.43,4.01,-6.30,2.42,13.77,-6.08,8.86,4.01,-8.31,2.42,13.77,-22.74,8.86,1
		8.36,0.22,0.01,-9.61,0.73,-2.05,0.44,0.73,-2.05,0.44,1.00,-0.06,0.07,0.08,0.98,-0.21,-0.05,0.21,0.98,0.0000074,1.53,0.37,0.67,4.04,-6.39,2.44,13.94,-6.34,8.97,4.04,-8.39,2.44,13.94,-23.09,8.97,1
		8.40,0.23,0.02,-9.62,0.73,-2.05,0.44,0.73,-2.05,0.44,1.00,-0.06,0.07,0.08,0.97,-0.21,-0.05,0.21,0.98,0.0000065,1.40,0.37,0.31,4.07,-6.47,2.46,14.10,-6.61,9.07,4.07,-8.48,2.46,14.10,-23.43,9.07,1
		8.44,0.21,0.02,-9.63,0.72,-2.05,0.43,0.72,-2.05,0.43,1.00,-0.07,0.07,0.08,0.97,-0.21,-0.05,0.21,0.98,0.0000068,1.65,0.43,0.37,4.10,-6.56,2.47,14.27,-6.87,9.17,4.10,-8.56,2.48,14.27,-23.78,9.17,1
		8.48,0.22,0.01,-9.62,0.73,-2.08,0.44,0.73,-2.08,0.44,1.00,-0.07,0.07,0.08,0.97,-0.21,-0.05,0.22,0.98,0.0000076,1.53,0.37,0.61,4.13,-6.64,2.49,14.44,-7.14,9.27,4.13,-8.65,2.49,14.44,-24.13,9.27,1
		8.53,0.22,0.02,-9.61,0.73,-2.08,0.45,0.73,-2.08,0.45,1.00,-0.07,0.07,0.08,0.97,-0.21,-0.05,0.22,0.97,0.0000071,1.34,0.43,0.37,4.16,-6.73,2.51,14.61,-7.42,9.37,4.16,-8.73,2.51,14.61,-24.50,9.37,1
		8.57,0.22,0.02,-9.63,0.73,-2.09,0.44,0.73,-2.09,0.44,1.00,-0.07,0.07,0.08,0.97,-0.21,-0.05,0.22,0.97,0.0000097,1.59,0.49,0.49,4.19,-6.82,2.53,14.79,-7.71,9.48,4.19,-8.82,2.53,14.79,-24.87,9.48,1
		8.61,0.23,0.01,-9.63,0.74,-2.11,0.44,0.74,-2.11,0.44,1.00,-0.07,0.07,0.08,0.97,-0.21,-0.05,0.22,0.97,0.0000065,1.40,0.31,0.37,4.22,-6.90,2.55,14.96,-7.99,9.58,4.22,-8.91,2.55,14.96,-25.23,9.58,1
		8.65,0.23,0.02,-9.62,0.74,-2.11,0.45,0.74,-2.11,0.45,1.00,-0.07,0.07,0.08,0.97,-0.22,-0.05,0.22,0.97,0.0000075,1.46,0.43,0.61,4.25,-6.99,2.57,15.14,-8.28,9.69,4.25,-8.99,2.57,15.14,-25.60,9.69,1
		8.69,0.21,0.02,-9.61,0.73,-2.12,0.46,0.73,-2.12,0.46,1.00,-0.07,0.07,0.08,0.97,-0.22,-0.05,0.22,0.97,0.0000075,1.40,0.37,0.37,4.28,-7.08,2.59,15.31,-8.56,9.79,4.28,-9.08,2.59,15.31,-25.97,9.79,1
		8.73,0.22,0.03,-9.62,0.74,-2.12,0.45,0.74,-2.12,0.45,1.00,-0.07,0.07,0.08,0.97,-0.22,-0.05,0.22,0.97,0.0000065,1.34,0.49,0.43,4.31,-7.16,2.60,15.49,-8.86,9.90,4.31,-9.17,2.60,15.49,-26.34,9.90,1
		8.77,0.23,0.01,-9.61,0.75,-2.14,0.47,0.75,-2.14,0.47,1.00,-0.07,0.07,0.08,0.97,-0.22,-0.05,0.22,0.97,0.0000057,1.28,0.37,0.49,4.35,-7.25,2.62,15.67,-9.16,10.01,4.35,-9.26,2.62,15.67,-26.73,10.01,1
		8.81,0.21,0.01,-9.63,0.74,-2.16,0.45,0.74,-2.16,0.45,1.00,-0.07,0.07,0.08,0.97,-0.22,-0.05,0.22,0.97,0.0000074,1.46,0.49,0.55,4.38,-7.34,2.64,15.85,-9.46,10.12,4.38,-9.34,2.64,15.85,-27.11,10.12,1
		8.86,0.23,0.03,-9.62,0.76,-2.15,0.46,0.76,-2.15,0.46,1.00,-0.07,0.07,0.08,0.97,-0.22,-0.05,0.22,0.97,0.0000095,1.65,0.43,0.55,4.41,-7.43,2.66,16.03,-9.77,10.23,4.41,-9.43,2.66,16.03,-27.51,10.23,1
		8.90,0.23,0.03,-9.63,0.76,-2.16,0.46,0.76,-2.16,0.46,1.00,-0.07,0.07,0.08,0.97,-0.22,-0.05,0.23,0.97,0.0000073,1.46,0.31,0.49,4.44,-7.52,2.68,16.22,-10.08,10.34,4.44,-9.53,2.68,16.22,-27.90,10.34,1
		8.94,0.24,0.02,-9.62,0.77,-2.18,0.46,0.77,-2.18,0.46,1.00,-0.07,0.07,0.08,0.97,-0.22,-0.06,0.23,0.97,0.0000079,1.34,0.37,0.61,4.47,-7.61,2.70,16.40,-10.39,10.45,4.47,-9.61,2.70,16.40,-28.30,10.45,1
		8.98,0.23,-0.06,-9.62,0.75,-2.27,0.49,0.75,-2.27,0.49,0.99,-0.07,0.07,0.09,0.97,-0.22,-0.06,0.23,0.97,0.0001143,1.65,0.31,5.92,4.50,-7.70,2.72,16.59,-10.71,10.57,4.50,-9.71,2.72,16.59,-28.70,10.57,1
		9.02,0.19,0.03,-9.64,0.72,-2.19,0.45,0.72,-2.19,0.45,0.99,-0.07,0.07,0.09,0.97,-0.22,-0.06,0.23,0.97,0.0000158,1.40,0.37,1.77,4.53,-7.80,2.74,16.78,-11.04,10.68,4.53,-9.80,2.74,16.78,-29.11,10.68,1
		9.07,0.23,0.02,-9.63,0.76,-2.21,0.47,0.76,-2.21,0.47,0.99,-0.07,0.07,0.09,0.97,-0.22,-0.06,0.23,0.97,0.0000074,1.46,0.49,0.55,4.56,-7.89,2.76,16.97,-11.37,10.80,4.56,-9.89,2.76,16.97,-29.52,10.80,1
		9.11,0.23,0.02,-9.63,0.77,-2.22,0.47,0.77,-2.22,0.47,0.99,-0.07,0.08,0.09,0.97,-0.23,-0.06,0.23,0.97,0.0000060,1.46,0.49,0.49,4.60,-7.98,2.78,17.16,-11.70,10.91,4.60,-9.99,2.78,17.16,-29.94,10.91,1
		9.15,0.21,0.03,-9.62,0.76,-2.22,0.48,0.76,-2.22,0.48,0.99,-0.07,0.08,0.09,0.97,-0.23,-0.06,0.23,0.97,0.0000066,1.40,0.43,0.43,4.63,-8.08,2.80,17.36,-12.04,11.03,4.63,-10.08,2.80,17.36,-30.36,11.03,1
		9.19,0.23,0.01,-9.62,0.77,-2.25,0.49,0.77,-2.25,0.49,0.99,-0.08,0.08,0.09,0.97,-0.23,-0.06,0.23,0.97,0.0000090,1.59,0.43,0.67,4.66,-8.17,2.82,17.55,-12.38,11.15,4.66,-10.17,2.82,17.55,-30.79,11.15,1
		9.23,0.22,0.03,-9.62,0.77,-2.24,0.48,0.77,-2.24,0.48,0.99,-0.08,0.08,0.09,0.97,-0.23,-0.06,0.23,0.97,0.0000084,1.40,0.49,0.85,4.69,-8.27,2.84,17.75,-12.73,11.27,4.69,-10.27,2.84,17.75,-31.22,11.27,1
		9.27,0.24,0.01,-9.63,0.78,-2.28,0.48,0.78,-2.28,0.48,0.99,-0.08,0.08,0.09,0.97,-0.23,-0.06,0.24,0.97,0.0000076,1.34,0.61,0.43,4.72,-8.36,2.86,17.94,-13.07,11.38,4.72,-10.36,2.86,17.94,-31.64,11.38,1
		9.32,0.21,0.03,-9.63,0.77,-2.27,0.48,0.77,-2.27,0.48,0.99,-0.08,0.08,0.09,0.97,-0.23,-0.06,0.24,0.97,0.0000080,1.53,0.31,0.67,4.76,-8.45,2.88,18.14,-13.42,11.50,4.76,-10.46,2.88,18.14,-32.08,11.50,1
		9.36,0.24,0.01,-9.62,0.79,-2.29,0.49,0.79,-2.29,0.49,0.99,-0.08,0.08,0.09,0.97,-0.23,-0.06,0.24,0.97,0.0000074,1.40,0.49,0.61,4.79,-8.55,2.90,18.34,-13.77,11.62,4.79,-10.55,2.90,18.34,-32.51,11.62,1
		9.40,0.22,0.02,-9.62,0.77,-2.29,0.50,0.77,-2.29,0.50,0.99,-0.08,0.08,0.09,0.97,-0.23,-0.06,0.24,0.97,0.0000101,1.59,0.55,0.73,4.82,-8.64,2.92,18.53,-14.12,11.74,4.82,-10.64,2.92,18.53,-32.94,11.74,1
		9.44,0.23,0.02,-9.62,0.79,-2.30,0.50,0.79,-2.30,0.50,0.99,-0.08,0.08,0.09,0.97,-0.23,-0.06,0.24,0.97,0.0000088,1.53,0.49,0.61,4.85,-8.74,2.94,18.74,-14.49,11.86,4.85,-10.74,2.94,18.74,-33.39,11.86,1
		9.48,0.22,0.02,-9.63,0.78,-2.31,0.50,0.78,-2.31,0.50,0.99,-0.08,0.08,0.09,0.97,-0.23,-0.06,0.24,0.97,0.0000062,1.34,0.49,0.55,4.89,-8.83,2.96,18.94,-14.85,11.99,4.89,-10.84,2.96,18.94,-33.85,11.99,1
		9.52,0.24,0.01,-9.62,0.80,-2.33,0.51,0.80,-2.33,0.51,0.99,-0.08,0.08,0.09,0.97,-0.24,-0.06,0.24,0.97,0.0000075,1.53,0.37,0.67,4.92,-8.93,2.98,19.14,-15.22,12.11,4.92,-10.93,2.98,19.14,-34.29,12.11,1
		9.56,0.22,0.01,-9.62,0.78,-2.34,0.51,0.78,-2.34,0.51,0.99,-0.08,0.08,0.10,0.97,-0.24,-0.06,0.24,0.97,0.0000073,1.53,0.43,0.61,4.95,-9.02,3.00,19.34,-15.59,12.23,4.95,-11.03,3.00,19.34,-34.74,12.23,1
		9.61,0.22,0.01,-9.63,0.79,-2.35,0.51,0.79,-2.35,0.51,0.99,-0.08,0.08,0.10,0.97,-0.24,-0.06,0.24,0.97,0.0000091,1.59,0.49,0.55,4.98,-9.12,3.02,19.55,-15.97,12.36,4.98,-11.13,3.02,19.55,-35.21,12.36,1
		9.65,0.22,0.01,-9.63,0.78,-2.36,0.51,0.78,-2.36,0.51,0.99,-0.08,0.08,0.10,0.97,-0.24,-0.06,0.25,0.97,0.0000059,1.53,0.24,0.49,5.02,-9.22,3.04,19.76,-16.35,12.49,5.02,-11.23,3.04,19.76,-35.68,12.49,1
		9.69,0.22,0.02,-9.61,0.79,-2.36,0.52,0.79,-2.36,0.52,0.99,-0.08,0.08,0.10,0.97,-0.24,-0.06,0.25,0.97,0.0000071,1.40,0.49,0.67,5.05,-9.32,3.07,19.97,-16.74,12.61,5.05,-11.32,3.07,19.97,-36.15,12.61,1
		9.73,0.21,0.02,-9.63,0.78,-2.37,0.51,0.78,-2.37,0.51,0.99,-0.08,0.08,0.10,0.97,-0.24,-0.06,0.25,0.97,0.0000082,1.59,0.31,0.61,5.08,-9.42,3.09,20.18,-17.13,12.74,5.08,-11.42,3.09,20.18,-36.62,12.74,1
		9.77,0.22,0.01,-9.62,0.79,-2.40,0.52,0.79,-2.40,0.52,0.99,-0.08,0.08,0.10,0.97,-0.24,-0.06,0.25,0.97,0.0000064,1.46,0.24,0.43,5.12,-9.52,3.11,20.39,-17.51,12.87,5.12,-11.52,3.11,20.39,-37.09,12.87,1
		9.81,0.23,0.01,-9.62,0.80,-2.41,0.53,0.80,-2.41,0.53,0.99,-0.08,0.08,0.10,0.97,-0.24,-0.06,0.25,0.97,0.0000103,1.59,0.37,1.10,5.15,-9.62,3.13,20.60,-17.91,13.00,5.15,-11.62,3.13,20.60,-37.56,13.00,1
		9.85,0.17,0.08,-9.63,0.75,-2.34,0.50,0.75,-2.34,0.50,0.99,-0.08,0.08,0.10,0.96,-0.24,-0.06,0.25,0.97,0.0000577,1.46,0.43,4.21,5.18,-9.71,3.15,20.81,-18.30,13.12,5.18,-11.72,3.15,20.81,-38.04,13.12,1
		9.90,0.21,0.03,-9.62,0.78,-2.41,0.53,0.78,-2.41,0.53,0.99,-0.08,0.08,0.10,0.96,-0.24,-0.06,0.25,0.97,0.0000110,1.59,0.37,0.85,5.21,-9.81,3.17,21.03,-18.70,13.25,5.21,-11.81,3.17,21.03,-38.52,13.25,1
		9.94,0.23,0.03,-9.62,0.80,-2.41,0.53,0.80,-2.41,0.53,0.99,-0.08,0.08,0.10,0.96,-0.25,-0.06,0.25,0.97,0.0000068,1.46,0.37,0.49,5.24,-9.91,3.19,21.25,-19.12,13.39,5.24,-11.91,3.19,21.25,-39.02,13.39,1
		9.98,0.22,0.03,-9.63,0.80,-2.43,0.53,0.80,-2.43,0.53,0.99,-0.08,0.08,0.10,0.96,-0.25,-0.06,0.25,0.97,0.0000065,1.40,0.55,0.18,5.28,-10.01,3.22,21.46,-19.53,13.52,5.28,-12.01,3.22,21.46,-39.51,13.52,1
		10.02,0.23,0.01,-9.62,0.81,-2.46,0.54,0.81,-2.46,0.54,0.99,-0.08,0.08,0.10,0.96,-0.25,-0.06,0.25,0.97,0.0000078,1.40,0.31,0.37,5.31,-10.11,3.24,21.68,-19.95,13.65,5.31,-12.12,3.24,21.68,-40.02,13.65,1
		10.06,0.22,0.02,-9.62,0.80,-2.46,0.54,0.80,-2.46,0.54,0.99,-0.08,0.08,0.10,0.96,-0.25,-0.06,0.26,0.96,0.0000083,1.40,0.31,0.61,5.35,-10.22,3.26,21.91,-20.38,13.79,5.35,-12.22,3.26,21.91,-40.53,13.79,1
		10.10,0.23,0.03,-9.62,0.82,-2.46,0.55,0.82,-2.46,0.55,0.99,-0.09,0.09,0.10,0.96,-0.25,-0.06,0.26,0.96,0.0000085,1.59,0.31,0.55,5.38,-10.32,3.28,22.13,-20.81,13.93,5.38,-12.32,3.28,22.13,-41.04,13.93,1
		10.15,0.23,0.01,-9.63,0.81,-2.49,0.54,0.81,-2.49,0.54,0.99,-0.09,0.09,0.10,0.96,-0.25,-0.06,0.26,0.96,0.0000074,1.59,0.43,0.61,5.41,-10.42,3.31,22.35,-21.23,14.06,5.41,-12.42,3.31,22.35,-41.55,14.06,1
		10.19,0.22,0.01,-9.63,0.80,-2.51,0.55,0.80,-2.51,0.55,0.99,-0.09,0.09,0.11,0.96,-0.25,-0.06,0.26,0.96,0.0000085,1.59,0.24,0.67,5.45,-10.52,3.33,22.58,-21.66,14.20,5.45,-12.53,3.33,22.58,-42.06,14.20,1
		10.23,0.23,0.02,-9.62,0.81,-2.50,0.55,0.81,-2.50,0.55,0.99,-0.09,0.09,0.11,0.96,-0.25,-0.06,0.26,0.96,0.0000065,1.34,0.24,0.43,5.48,-10.63,3.35,22.81,-22.11,14.34,5.48,-12.63,3.35,22.81,-42.59,14.34,1
		10.27,0.24,0.01,-9.61,0.82,-2.52,0.57,0.82,-2.52,0.57,0.99,-0.09,0.09,0.11,0.96,-0.25,-0.06,0.26,0.96,0.0000066,1.46,0.37,0.55,5.51,-10.73,3.38,23.04,-22.55,14.48,5.51,-12.74,3.38,23.04,-43.12,14.48,1
		10.31,0.22,0.02,-9.63,0.81,-2.52,0.55,0.81,-2.52,0.55,0.99,-0.09,0.09,0.11,0.96,-0.25,-0.06,0.26,0.96,0.0000073,1.53,0.43,0.61,5.55,-10.84,3.40,23.26,-23.00,14.62,5.55,-12.84,3.40,23.26,-43.65,14.62,1
		10.35,0.22,0.01,-9.62,0.81,-2.54,0.56,0.81,-2.54,0.56,0.99,-0.09,0.09,0.11,0.96,-0.26,-0.06,0.26,0.96,0.0000074,1.53,0.37,0.67,5.58,-10.94,3.42,23.50,-23.45,14.76,5.58,-12.95,3.42,23.50,-44.19,14.76,1
		10.40,0.22,0.02,-9.62,0.81,-2.54,0.56,0.81,-2.54,0.56,0.99,-0.09,0.09,0.11,0.96,-0.26,-0.06,0.26,0.96,0.0000082,1.40,0.61,0.67,5.62,-11.05,3.45,23.73,-23.92,14.91,5.62,-13.05,3.45,23.73,-44.74,14.91,1
		10.44,0.24,0.00,-9.62,0.83,-2.57,0.57,0.83,-2.57,0.57,0.99,-0.09,0.09,0.11,0.96,-0.26,-0.06,0.27,0.96,0.0000075,1.59,0.55,0.43,5.65,-11.15,3.47,23.96,-24.37,15.05,5.65,-13.16,3.47,23.96,-45.27,15.05,1
		10.48,0.21,0.04,-9.63,0.82,-2.55,0.56,0.82,-2.55,0.56,0.99,-0.09,0.09,0.11,0.96,-0.26,-0.06,0.27,0.96,0.0000074,1.46,0.49,0.55,5.68,-11.26,3.49,24.20,-24.84,15.20,5.68,-13.27,3.49,24.20,-45.83,15.20,1
		10.52,0.22,0.01,-9.62,0.82,-2.58,0.58,0.82,-2.58,0.58,0.99,-0.09,0.09,0.11,0.96,-0.26,-0.06,0.27,0.96,0.0000067,1.34,0.49,0.43,5.72,-11.37,3.52,24.44,-25.32,15.34,5.72,-13.37,3.52,24.44,-46.39,15.34,1
		10.56,0.22,0.02,-9.62,0.82,-2.58,0.57,0.82,-2.58,0.57,0.99,-0.09,0.09,0.11,0.96,-0.26,-0.06,0.27,0.96,0.0000080,1.40,0.37,0.61,5.75,-11.48,3.54,24.68,-25.78,15.49,5.75,-13.48,3.54,24.68,-46.94,15.49,1
		10.60,0.23,0.00,-9.69,0.84,-2.63,0.52,0.84,-2.63,0.52,0.99,-0.09,0.09,0.11,0.96,-0.26,-0.06,0.27,0.96,0.0000085,1.46,0.31,0.55,5.79,-11.58,3.56,24.91,-26.26,15.63,5.79,-13.59,3.56,24.91,-47.49,15.63,1
