		0.00,0.23,0.01,-9.61,0.23,0.01,0.20,0.23,0.01,0.20,1.00,-0.00,0.00,0.00,1.00,-0.00,-0.00,0.00,1.00,0.0000000,1.53,0.43,0.55,0.00,2.00,0.00,0.00,0.00,0.00,0.00,0.00,0.00,0.00,0.00,0.00,1
		0.04,0.23,0.01,-9.60,0.23,-0.00,0.21,0.23,-0.00,0.21,1.00,-0.00,0.00,0.00,1.00,-0.00,-0.00,0.00,1.00,0.0000077,1.40,0.43,0.61,0.01,2.00,0.01,0.00,0.08,0.00,0.01,0.00,0.01,0.00,0.00,0.00,1
		0.08,0.23,0.01,-9.61,0.23,-0.01,0.20,0.23,-0.01,0.20,1.00,-0.00,0.00,0.00,1.00,-0.00,-0.00,0.00,1.00,0.0000077,1.59,0.43,0.55,0.02,2.00,0.02,0.00,0.17,0.00,0.02,-0.00,0.02,0.00,-0.00,0.00,1
		0.12,0.22,-0.04,-9.60,0.22,-0.07,0.21,0.22,-0.07,0.21,1.00,-0.00,0.00,0.00,1.00,-0.00,-0.00,0.00,1.00,0.0000060,1.34,0.06,0.61,0.03,2.00,0.03,0.00,0.25,0.00,0.03,-0.00,0.03,0.00,-0.00,0.00,1
		0.17,0.24,0.01,-9.61,0.25,-0.04,0.20,0.25,-0.04,0.20,1.00,-0.00,0.00,0.00,1.00,-0.00,-0.00,0.00,1.00,0.0000067,1.40,0.37,0.55,0.04,2.00,0.03,0.00,0.33,0.00,0.04,-0.00,0.03,0.00,-0.00,0.00,1
		0.21,0.22,0.02,-9.63,0.24,-0.04,0.18,0.24,-0.04,0.18,1.00,-0.00,0.00,0.00,1.00,-0.01,-0.00,0.01,1.00,0.0000077,1.40,0.43,0.61,0.05,2.00,0.04,0.00,0.41,0.00,0.05,-0.01,0.04,0.00,-0.00,0.00,1
		0.25,0.24,0.01,-9.61,0.25,-0.06,0.20,0.25,-0.06,0.20,1.00,-0.00,0.00,0.00,1.00,-0.01,-0.00,0.01,1.00,0.0000062,1.34,0.49,0.55,0.06,2.00,0.05,0.01,0.49,0.01,0.06,-0.01,0.05,0.01,-0.00,0.01,1
		0.29,0.23,0.01,-9.62,0.25,-0.06,0.19,0.25,-0.06,0.19,1.00,-0.00,0.00,0.00,1.00,-0.01,-0.00,0.01,1.00,0.0000085,1.59,0.31,0.55,0.07,1.99,0.06,0.01,0.58,0.01,0.07,-0.01,0.06,0.01,-0.00,0.01,1
		0.33,0.22,0.01,-9.61,0.25,-0.07,0.20,0.25,-0.07,0.20,1.00,-0.00,0.00,0.00,1.00,-0.01,-0.00,0.01,1.00,0.0000063,1.40,0.49,0.49,0.08,1.99,0.07,0.01,0.66,0.01,0.08,-0.01,0.07,0.01,-0.00,0.01,1
		0.37,0.23,0.00,-9.61,0.26,-0.09,0.20,0.26,-0.09,0.20,1.00,-0.00,0.00,0.00,1.00,-0.01,-0.00,0.01,1.00,0.0000085,1.40,0.31,0.61,0.09,1.99,0.07,0.02,0.74,0.01,0.09,-0.02,0.07,0.02,-0.00,0.01,1
		0.41,0.23,0.01,-9.61,0.26,-0.09,0.20,0.26,-0.09,0.20,1.00,-0.00,0.00,0.00,1.00,-0.01,-0.00,0.01,1.00,0.0000090,1.53,0.49,0.61,0.10,1.98,0.08,0.02,0.82,0.02,0.10,-0.02,0.08,0.02,-0.00,0.02,1
		0.45,0.22,0.00,-9.61,0.25,-0.11,0.20,0.25,-0.11,0.20,1.00,-0.00,0.00,0.00,1.00,-0.01,-0.00,0.01,1.00,0.0000064,1.40,0.43,0.49,0.11,1.98,0.09,0.02,0.90,0.02,0.11,-0.02,0.09,0.02,-0.00,0.02,1
		0.49,0.23,0.00,-9.61,0.27,-0.12,0.20,0.27,-0.12,0.20,1.00,-0.00,0.00,0.01,1.00,-0.01,-0.00,0.01,1.00,0.0000079,1.53,0.37,0.55,0.12,1.97,0.10,0.03,0.98,0.02,0.12,-0.03,0.10,0.03,-0.00,0.02,1
		0.54,0.22,0.01,-9.61,0.25,-0.13,0.20,0.25,-0.13,0.20,1.00,-0.01,0.00,0.01,1.00,-0.01,-0.00,0.01,1.00,0.0000085,1.40,0.31,0.61,0.13,1.97,0.11,0.03,1.07,0.03,0.13,-0.03,0.11,0.03,-0.01,0.03,1
		0.58,0.22,0.01,-9.61,0.26,-0.14,0.20,0.26,-0.14,0.20,1.00,-0.01,0.00,0.01,1.00,-0.01,-0.00,0.01,1.00,0.0000068,1.53,0.18,0.43,0.14,1.96,0.11,0.04,1.15,0.03,0.14,-0.04,0.11,0.04,-0.01,0.03,1
		0.62,0.23,0.01,-9.62,0.26,-0.14,0.19,0.26,-0.14,0.19,1.00,-0.01,0.00,0.01,1.00,-0.02,-0.00,0.02,1.00,0.0000066,1.53,0.43,0.43,0.15,1.96,0.12,0.05,1.23,0.04,0.15,-0.05,0.12,0.05,-0.01,0.04,1
		0.66,0.23,0.00,-9.62,0.27,-0.16,0.19,0.27,-0.16,0.19,1.00,-0.01,0.00,0.01,1.00,-0.02,-0.00,0.02,1.00,0.0000074,1.53,0.43,0.31,0.16,1.95,0.13,0.05,1.31,0.04,0.16,-0.05,0.13,0.05,-0.01,0.04,1
		0.70,0.23,0.01,-9.62,0.27,-0.17,0.19,0.27,-0.17,0.19,1.00,-0.01,0.00,0.01,1.00,-0.02,-0.00,0.02,1.00,0.0000074,1.46,0.37,0.73,0.18,1.94,0.14,0.06,1.39,0.05,0.18,-0.06,0.14,0.06,-0.01,0.05,1
		0.74,0.24,0.00,-9.63,0.29,-0.18,0.18,0.29,-0.18,0.18,1.00,-0.01,0.00,0.01,1.00,-0.02,-0.00,0.02,1.00,0.0000070,1.40,0.43,0.79,0.19,1.94,0.15,0.07,1.47,0.05,0.19,-0.07,0.15,0.07,-0.02,0.05,1
		0.78,0.22,0.02,-9.61,0.27,-0.18,0.20,0.27,-0.18,0.20,1.00,-0.01,0.01,0.01,1.00,-0.02,-0.01,0.02,1.00,0.0000081,1.46,0.31,0.67,0.20,1.93,0.15,0.08,1.55,0.06,0.20,-0.07,0.15,0.08,-0.02,0.06,1
		0.82,0.22,0.01,-9.62,0.27,-0.20,0.19,0.27,-0.20,0.19,1.00,-0.01,0.01,0.01,1.00,-0.02,-0.01,0.02,1.00,0.0000064,1.40,0.24,0.43,0.21,1.92,0.16,0.08,1.63,0.07,0.21,-0.08,0.16,0.08,-0.02,0.07,1
		0.87,0.24,0.00,-9.62,0.29,-0.21,0.19,0.29,-0.21,0.19,1.00,-0.01,0.01,0.01,1.00,-0.02,-0.01,0.02,1.00,0.0000058,1.34,0.31,0.55,0.22,1.91,0.17,0.09,1.71,0.07,0.22,-0.09,0.17,0.09,-0.03,0.07,1
		0.91,0.23,0.01,-9.62,0.28,-0.22,0.19,0.28,-0.22,0.19,1.00,-0.01,0.01,0.01,1.00,-0.02,-0.01,0.02,1.00,0.0000065,1.40,0.18,0.55,0.23,1.90,0.18,0.10,1.79,0.08,0.23,-0.10,0.18,0.10,-0.03,0.08,1
		0.95,0.24,0.06,-9.60,0.30,-0.18,0.21,0.30,-0.18,0.21,1.00,-0.01,0.01,0.01,1.00,-0.02,-0.01,0.02,1.00,0.0000077,1.95,0.67,0.00,0.25,1.90,0.19,0.11,1.87,0.09,0.25,-0.11,0.19,0.11,-0.03,0.09,1
		0.99,0.23,0.01,-9.63,0.29,-0.24,0.18,0.29,-0.24,0.18,1.00,-0.01,0.01,0.01,1.00,-0.03,-0.01,0.03,1.00,0.0000071,1.46,0.18,0.43,0.26,1.89,0.19,0.12,1.94,0.10,0.26,-0.12,0.19,0.12,-0.04,0.10,1
		1.03,0.22,0.01,-9.63,0.28,-0.25,0.19,0.28,-0.25,0.19,1.00,-0.01,0.01,0.01,1.00,-0.03,-0.01,0.03,1.00,0.0000081,1.65,0.31,0.61,0.27,1.88,0.20,0.13,2.02,0.11,0.27,-0.13,0.20,0.13,-0.04,0.11,1
		1.07,0.23,0.00,-9.62,0.29,-0.27,0.19,0.29,-0.27,0.19,1.00,-0.01,0.01,0.01,1.00,-0.03,-0.01,0.03,1.00,0.0000054,1.28,0.37,0.61,0.28,1.87,0.21,0.14,2.10,0.11,0.28,-0.14,0.21,0.14,-0.05,0.11,1
		1.11,0.23,0.02,-9.63,0.30,-0.27,0.19,0.30,-0.27,0.19,1.00,-0.01,0.01,0.01,1.00,-0.03,-0.01,0.03,1.00,0.0000062,1.53,0.24,0.43,0.29,1.86,0.22,0.16,2.17,0.12,0.29,-0.15,0.22,0.16,-0.05,0.12,1
		1.16,0.23,0.01,-9.62,0.29,-0.28,0.20,0.29,-0.28,0.20,1.00,-0.01,0.01,0.01,1.00,-0.03,-0.01,0.03,1.00,0.0000079,1.46,0.37,0.61,0.31,1.84,0.23,0.17,2.25,0.13,0.31,-0.16,0.23,0.17,-0.06,0.13,1
		1.20,0.22,0.04,-9.62,0.29,-0.26,0.20,0.29,-0.26,0.20,1.00,-0.01,0.01,0.01,1.00,-0.03,-0.01,0.03,1.00,0.0000052,1.22,0.12,0.12,0.32,1.83,0.23,0.18,2.33,0.14,0.32,-0.17,0.23,0.18,-0.07,0.14,1
		1.24,0.23,0.00,-9.62,0.30,-0.30,0.20,0.30,-0.30,0.20,1.00,-0.01,0.01,0.01,1.00,-0.03,-0.01,0.03,1.00,0.0000060,1.34,0.31,0.49,0.33,1.82,0.24,0.19,2.40,0.15,0.33,-0.18,0.24,0.19,-0.07,0.15,1
		1.28,0.23,0.01,-9.62,0.30,-0.30,0.19,0.30,-0.30,0.19,1.00,-0.01,0.01,0.01,1.00,-0.03,-0.01,0.03,1.00,0.0000075,1.40,0.18,0.37,0.34,1.81,0.25,0.21,2.48,0.16,0.34,-0.19,0.25,0.21,-0.08,0.16,1
		1.32,0.23,0.00,-9.63,0.30,-0.32,0.19,0.30,-0.32,0.19,1.00,-0.01,0.01,0.01,1.00,-0.03,-0.01,0.03,1.00,0.0000057,1.28,0.18,0.49,0.35,1.80,0.26,0.22,2.55,0.17,0.35,-0.21,0.26,0.22,-0.09,0.17,1
		1.36,0.23,0.01,-9.63,0.30,-0.32,0.19,0.30,-0.32,0.19,1.00,-0.01,0.01,0.01,1.00,-0.03,-0.01,0.03,1.00,0.0000074,1.46,0.18,0.37,0.37,1.78,0.27,0.24,2.62,0.18,0.37,-0.22,0.27,0.24,-0.10,0.18,1
		1.40,0.22,0.01,-9.63,0.30,-0.34,0.19,0.30,-0.34,0.19,1.00,-0.01,0.01,0.01,1.00,-0.04,-0.01,0.04,1.00,0.0000067,1.53,0.37,0.49,0.38,1.77,0.27,0.25,2.70,0.19,0.38,-0.23,0.27,0.25,-0.11,0.19,1
		1.44,0.23,0.00,-9.64,0.30,-0.36,0.18,0.30,-0.36,0.18,1.00,-0.01,0.01,0.01,1.00,-0.04,-0.01,0.04,1.00,0.0000072,1.53,0.31,0.49,0.39,1.76,0.28,0.27,2.77,0.20,0.39,-0.25,0.28,0.27,-0.12,0.20,1
		1.48,0.22,0.01,-9.62,0.30,-0.36,0.20,0.30,-0.36,0.20,1.00,-0.01,0.01,0.01,1.00,-0.04,-0.01,0.04,1.00,0.0000067,1.40,0.37,0.55,0.40,1.74,0.29,0.28,2.84,0.22,0.40,-0.26,0.29,0.28,-0.13,0.22,1
		1.52,0.23,0.00,-9.63,0.31,-0.38,0.19,0.31,-0.38,0.19,1.00,-0.01,0.01,0.01,1.00,-0.04,-0.01,0.04,1.00,0.0000069,1.59,0.37,0.43,0.42,1.73,0.30,0.30,2.91,0.23,0.42,-0.28,0.30,0.30,-0.14,0.23,1
		1.57,0.22,0.01,-9.62,0.30,-0.38,0.20,0.30,-0.38,0.20,1.00,-0.01,0.01,0.01,1.00,-0.04,-0.01,0.04,1.00,0.0000078,1.34,0.43,0.61,0.43,1.71,0.30,0.32,2.98,0.24,0.43,-0.29,0.30,0.32,-0.15,0.24,1
		1.61,0.23,0.01,-9.63,0.32,-0.39,0.19,0.32,-0.39,0.19,1.00,-0.01,0.01,0.01,1.00,-0.04,-0.01,0.04,1.00,0.0000050,1.22,0.55,0.49,0.44,1.69,0.31,0.34,3.05,0.25,0.44,-0.31,0.31,0.34,-0.16,0.25,1
		1.65,0.21,0.05,-9.59,0.30,-0.35,0.23,0.30,-0.35,0.23,1.00,-0.01,0.01,0.01,1.00,-0.04,-0.01,0.04,1.00,0.0000050,1.10,0.06,-0.31,0.45,1.68,0.32,0.36,3.12,0.27,0.45,-0.32,0.32,0.36,-0.18,0.27,1
		1.69,0.23,0.01,-9.64,0.33,-0.40,0.18,0.33,-0.40,0.18,1.00,-0.01,0.01,0.01,1.00,-0.04,-0.01,0.04,1.00,0.0000048,1.22,0.24,0.61,0.47,1.66,0.33,0.37,3.19,0.28,0.47,-0.34,0.33,0.37,-0.19,0.28,1
		1.73,0.23,-0.01,-9.61,0.33,-0.43,0.21,0.33,-0.43,0.21,1.00,-0.01,0.01,0.02,1.00,-0.04,-0.01,0.04,1.00,0.0000062,1.40,0.31,0.43,0.48,1.65,0.34,0.39,3.26,0.29,0.48,-0.36,0.34,0.39,-0.20,0.29,1
		1.77,0.22,0.00,-9.63,0.32,-0.43,0.19,0.32,-0.43,0.19,1.00,-0.02,0.01,0.02,1.00,-0.04,-0.01,0.04,1.00,0.0000068,1.34,0.18,0.49,0.49,1.63,0.35,0.41,3.33,0.31,0.49,-0.37,0.35,0.41,-0.22,0.31,1
		1.81,0.23,0.01,-9.62,0.32,-0.43,0.20,0.32,-0.43,0.20,1.00,-0.02,0.01,0.02,1.00,-0.05,-0.01,0.05,1.00,0.0000070,1.46,0.06,0.67,0.51,1.61,0.35,0.43,3.39,0.32,0.51,-0.39,0.35,0.43,-0.24,0.32,1
		1.85,0.23,0.01,-9.63,0.33,-0.45,0.20,0.33,-0.45,0.20,1.00,-0.02,0.01,0.02,1.00,-0.05,-0.01,0.05,1.00,0.0000084,1.46,0.31,0.61,0.52,1.59,0.36,0.46,3.46,0.34,0.52,-0.41,0.36,0.46,-0.25,0.34,1
		1.89,0.23,0.00,-9.65,0.32,-0.46,0.18,0.32,-0.46,0.18,1.00,-0.02,0.01,0.02,1.00,-0.05,-0.01,0.05,1.00,0.0000084,1.65,0.31,0.55,0.53,1.57,0.37,0.48,3.52,0.35,0.53,-0.43,0.37,0.48,-0.27,0.35,1
		1.94,0.23,-0.03,-9.62,0.33,-0.50,0.20,0.33,-0.50,0.20,1.00,-0.02,0.01,0.02,1.00,-0.05,-0.01,0.05,1.00,0.0000069,1.46,0.43,0.79,0.55,1.56,0.38,0.50,3.59,0.37,0.55,-0.45,0.38,0.50,-0.29,0.37,1
		1.98,0.23,0.01,-9.63,0.34,-0.48,0.19,0.34,-0.48,0.19,1.00,-0.02,0.01,0.02,1.00,-0.05,-0.01,0.05,1.00,0.0000075,1.40,0.43,0.61,0.56,1.53,0.39,0.52,3.65,0.38,0.56,-0.47,0.39,0.52,-0.31,0.38,1
		2.02,0.22,0.01,-9.63,0.33,-0.49,0.19,0.33,-0.49,0.19,1.00,-0.02,0.01,0.02,1.00,-0.05,-0.01,0.05,1.00,0.0000057,1.28,0.24,0.37,0.57,1.51,0.39,0.55,3.72,0.40,0.57,-0.49,0.39,0.55,-0.33,0.40,1
		2.06,0.22,0.01,-9.62,0.33,-0.50,0.20,0.33,-0.50,0.20,1.00,-0.02,0.01,0.02,1.00,-0.05,-0.01,0.05,1.00,0.0000067,1.40,0.37,0.55,0.59,1.49,0.40,0.57,3.78,0.42,0.59,-0.51,0.40,0.57,-0.35,0.42,1
		2.10,0.23,0.02,-9.62,0.34,-0.50,0.21,0.34,-0.50,0.21,1.00,-0.02,0.01,0.02,1.00,-0.05,-0.01,0.05,1.00,0.0000066,1.53,0.43,0.43,0.60,1.47,0.41,0.59,3.84,0.43,0.60,-0.53,0.41,0.59,-0.37,0.43,1
		2.14,0.22,0.01,-9.65,0.34,-0.51,0.18,0.34,-0.51,0.18,1.00,-0.02,0.01,0.02,1.00,-0.05,-0.01,0.05,1.00,0.0000060,1.34,0.55,0.55,0.62,1.45,0.42,0.62,3.90,0.45,0.62,-0.55,0.42,0.62,-0.39,0.45,1
		2.18,0.23,0.00,-9.62,0.35,-0.53,0.20,0.35,-0.53,0.20,1.00,-0.02,0.01,0.02,1.00,-0.05,-0.01,0.05,1.00,0.0000058,1.34,0.31,0.55,0.63,1.43,0.43,0.64,3.96,0.47,0.63,-0.57,0.43,0.64,-0.41,0.47,1
		2.22,0.22,0.02,-9.63,0.34,-0.52,0.20,0.34,-0.52,0.20,1.00,-0.02,0.01,0.02,1.00,-0.06,-0.01,0.06,1.00,0.0000057,1.34,0.31,0.61,0.64,1.41,0.43,0.67,4.02,0.48,0.64,-0.59,0.43,0.67,-0.44,0.48,1
		2.26,0.23,0.01,-9.63,0.35,-0.54,0.20,0.35,-0.54,0.20,1.00,-0.02,0.01,0.02,1.00,-0.06,-0.01,0.06,1.00,0.0000068,1.34,0.37,0.55,0.66,1.39,0.44,0.70,4.07,0.50,0.66,-0.61,0.44,0.70,-0.46,0.50,1
		2.31,0.22,0.01,-9.62,0.35,-0.55,0.21,0.35,-0.55,0.21,1.00,-0.02,0.01,0.02,1.00,-0.06,-0.01,0.06,1.00,0.0000059,1.40,0.49,0.31,0.67,1.37,0.45,0.72,4.13,0.52,0.67,-0.64,0.45,0.72,-0.49,0.52,1
		2.35,0.25,0.05,-9.60,0.38,-0.52,0.23,0.38,-0.52,0.23,1.00,-0.02,0.01,0.02,1.00,-0.06,-0.01,0.06,1.00,0.0000078,1.65,0.67,0.31,0.69,1.34,0.46,0.75,4.18,0.54,0.69,-0.66,0.46,0.75,-0.51,0.54,1
		2.39,0.23,0.01,-9.65,0.36,-0.58,0.19,0.36,-0.58,0.19,1.00,-0.02,0.01,0.02,1.00,-0.06,-0.01,0.06,1.00,0.0000044,1.28,0.31,0.55,0.70,1.32,0.47,0.78,4.24,0.56,0.70,-0.68,0.47,0.78,-0.54,0.56,1
		2.43,0.24,0.01,-9.64,0.37,-0.59,0.19,0.37,-0.59,0.19,1.00,-0.02,0.02,0.02,1.00,-0.06,-0.01,0.06,1.00,0.0000054,1.28,0.43,0.49,0.72,1.30,0.48,0.81,4.29,0.58,0.72,-0.71,0.48,0.81,-0.57,0.58,1
		2.47,0.22,0.00,-9.62,0.36,-0.60,0.21,0.36,-0.60,0.21,1.00,-0.02,0.02,0.02,1.00,-0.06,-0.01,0.06,1.00,0.0000085,1.40,0.31,0.61,0.73,1.27,0.48,0.84,4.35,0.60,0.73,-0.73,0.48,0.84,-0.60,0.60,1
		2.51,0.22,0.00,-9.62,0.36,-0.61,0.21,0.36,-0.61,0.21,1.00,-0.02,0.02,0.02,1.00,-0.06,-0.01,0.06,1.00,0.0000062,1.40,0.31,0.43,0.75,1.25,0.49,0.87,4.40,0.62,0.75,-0.75,0.49,0.87,-0.63,0.62,1
		2.55,0.23,0.01,-9.64,0.36,-0.61,0.20,0.36,-0.61,0.20,1.00,-0.02,0.02,0.02,1.00,-0.06,-0.01,0.06,1.00,0.0000079,1.46,0.43,0.55,0.76,1.22,0.50,0.90,4.45,0.64,0.76,-0.78,0.50,0.90,-0.66,0.64,1
		2.59,0.22,0.02,-9.62,0.36,-0.61,0.21,0.36,-0.61,0.21,1.00,-0.02,0.02,0.02,1.00,-0.06,-0.01,0.06,1.00,0.0000049,1.34,0.31,0.43,0.78,1.20,0.51,0.93,4.50,0.66,0.78,-0.80,0.51,0.93,-0.69,0.66,1
		2.63,0.23,0.02,-9.63,0.37,-0.62,0.21,0.37,-0.62,0.21,1.00,-0.02,0.02,0.02,1.00,-0.07,-0.01,0.07,1.00,0.0000049,1.28,0.24,0.55,0.79,1.17,0.52,0.96,4.55,0.68,0.79,-0.83,0.52,0.96,-0.73,0.68,1
		2.68,0.22,0.01,-9.63,0.37,-0.64,0.20,0.37,-0.64,0.20,1.00,-0.02,0.02,0.02,1.00,-0.07,-0.01,0.07,1.00,0.0000072,1.53,0.24,0.31,0.81,1.15,0.53,1.00,4.60,0.70,0.81,-0.86,0.53,1.00,-0.76,0.70,1
		2.72,0.23,0.01,-9.62,0.38,-0.65,0.22,0.38,-0.65,0.22,1.00,-0.02,0.02,0.02,1.00,-0.07,-0.02,0.07,1.00,0.0000077,1.40,0.43,0.61,0.82,1.12,0.54,1.03,4.64,0.72,0.82,-0.88,0.54,1.03,-0.80,0.72,1
		2.76,0.23,0.01,-9.63,0.38,-0.66,0.21,0.38,-0.66,0.21,1.00,-0.02,0.02,0.02,1.00,-0.07,-0.02,0.07,1.00,0.0000064,1.46,0.24,0.43,0.84,1.09,0.54,1.06,4.69,0.74,0.84,-0.91,0.54,1.06,-0.83,0.74,1
		2.80,0.24,0.04,-9.70,0.39,-0.65,0.14,0.39,-0.65,0.14,1.00,-0.02,0.02,0.03,1.00,-0.07,-0.02,0.07,1.00,0.0000060,1.10,0.18,0.49,0.85,1.07,0.55,1.10,4.73,0.77,0.85,-0.94,0.55,1.10,-0.87,0.77,1
		2.84,0.22,0.02,-9.62,0.37,-0.66,0.22,0.37,-0.66,0.22,1.00,-0.02,0.02,0.03,1.00,-0.07,-0.02,0.07,1.00,0.0000047,1.22,0.24,0.67,0.87,1.04,0.56,1.13,4.77,0.79,0.87,-0.96,0.56,1.13,-0.91,0.79,1
		2.88,0.23,0.02,-9.63,0.38,-0.68,0.21,0.38,-0.68,0.21,1.00,-0.02,0.02,0.03,1.00,-0.07,-0.02,0.07,1.00,0.0000068,1.46,0.24,0.37,0.88,1.01,0.57,1.17,4.82,0.81,0.88,-0.99,0.57,1.17,-0.95,0.81,1
		2.92,0.23,0.00,-9.61,0.39,-0.70,0.23,0.39,-0.70,0.23,1.00,-0.02,0.02,0.03,1.00,-0.07,-0.02,0.07,1.00,0.0000045,1.28,0.31,0.55,0.90,0.98,0.58,1.21,4.86,0.84,0.90,-1.02,0.58,1.21,-0.99,0.84,1
		2.96,0.23,0.01,-9.63,0.38,-0.71,0.21,0.38,-0.71,0.21,1.00,-0.03,0.02,0.03,1.00,-0.07,-0.02,0.07,1.00,0.0000072,1.40,0.43,0.37,0.92,0.96,0.59,1.24,4.90,0.86,0.92,-1.05,0.59,1.24,-1.04,0.86,1
		3.00,0.21,0.02,-9.62,0.37,-0.71,0.22,0.37,-0.71,0.22,1.00,-0.03,0.02,0.03,1.00,-0.07,-0.02,0.07,1.00,0.0000129,1.83,0.67,0.37,0.93,0.93,0.59,1.28,4.94,0.88,0.93,-1.08,0.59,1.28,-1.08,0.88,1
		3.04,0.22,0.01,-9.63,0.38,-0.73,0.21,0.38,-0.73,0.21,1.00,-0.03,0.02,0.03,1.00,-0.08,-0.02,0.08,1.00,0.0000074,1.34,0.37,0.79,0.95,0.90,0.60,1.32,4.97,0.91,0.95,-1.11,0.60,1.32,-1.12,0.91,1
		3.08,0.23,0.00,-9.63,0.40,-0.74,0.21,0.40,-0.74,0.21,1.00,-0.03,0.02,0.03,1.00,-0.08,-0.02,0.08,1.00,0.0000060,1.28,0.37,0.43,0.96,0.87,0.61,1.36,5.01,0.93,0.96,-1.14,0.61,1.36,-1.17,0.93,1
		3.13,0.22,0.01,-9.62,0.39,-0.75,0.22,0.39,-0.75,0.22,1.00,-0.03,0.02,0.03,1.00,-0.08,-0.02,0.08,1.00,0.0000072,1.34,0.24,0.67,0.98,0.84,0.62,1.40,5.04,0.96,0.98,-1.17,0.62,1.40,-1.22,0.96,1
		3.17,0.23,0.01,-9.63,0.40,-0.76,0.22,0.40,-0.76,0.22,1.00,-0.03,0.02,0.03,1.00,-0.08,-0.02,0.08,1.00,0.0000078,1.34,0.61,0.43,0.99,0.81,0.63,1.44,5.08,0.99,0.99,-1.20,0.63,1.44,-1.26,0.99,1
		3.21,0.23,0.00,-9.59,0.40,-0.77,0.25,0.40,-0.77,0.25,1.00,-0.03,0.02,0.03,1.00,-0.08,-0.02,0.08,1.00,0.0000082,1.40,0.31,0.67,1.01,0.77,0.64,1.48,5.11,1.01,1.01,-1.23,0.64,1.48,-1.31,1.01,1
		3.25,0.22,0.03,-9.63,0.39,-0.75,0.22,0.39,-0.75,0.22,1.00,-0.03,0.02,0.03,1.00,-0.08,-0.02,0.08,1.00,0.0000076,1.34,0.43,0.61,1.03,0.74,0.65,1.52,5.14,1.04,1.03,-1.26,0.65,1.52,-1.37,1.04,1
		3.29,0.24,0.00,-9.63,0.41,-0.79,0.22,0.41,-0.79,0.22,1.00,-0.03,0.02,0.03,1.00,-0.08,-0.02,0.08,1.00,0.0000047,1.28,0.31,0.49,1.04,0.71,0.66,1.57,5.17,1.06,1.04,-1.29,0.66,1.57,-1.42,1.06,1
		3.33,0.22,0.02,-9.63,0.40,-0.79,0.22,0.40,-0.79,0.22,1.00,-0.03,0.02,0.03,1.00,-0.08,-0.02,0.08,1.00,0.0000058,1.34,0.31,0.55,1.06,0.68,0.67,1.61,5.20,1.09,1.06,-1.32,0.67,1.61,-1.47,1.09,1
		3.37,0.23,0.03,-9.63,0.41,-0.78,0.22,0.41,-0.78,0.22,1.00,-0.03,0.02,0.03,1.00,-0.08,-0.02,0.08,1.00,0.0000072,1.40,0.31,0.55,1.08,0.65,0.68,1.65,5.23,1.12,1.08,-1.36,0.68,1.65,-1.53,1.12,1
		3.41,0.23,0.02,-9.63,0.41,-0.80,0.22,0.41,-0.80,0.22,1.00,-0.03,0.02,0.03,1.00,-0.08,-0.02,0.08,1.00,0.0000072,1.40,0.31,0.55,1.09,0.61,0.68,1.70,5.25,1.15,1.09,-1.39,0.68,1.70,-1.58,1.15,1
		3.46,0.23,0.01,-9.64,0.42,-0.83,0.21,0.42,-0.83,0.21,1.00,-0.03,0.02,0.03,1.00,-0.09,-0.02,0.09,1.00,0.0000069,1.40,0.37,0.49,1.11,0.58,0.69,1.74,5.28,1.18,1.11,-1.42,0.69,1.74,-1.64,1.18,1
		3.50,0.23,0.01,-9.63,0.41,-0.83,0.22,0.41,-0.83,0.22,1.00,-0.03,0.02,0.03,1.00,-0.09,-0.02,0.09,1.00,0.0000062,1.40,0.31,0.43,1.13,0.55,0.70,1.79,5.30,1.20,1.13,-1.46,0.70,1.79,-1.70,1.20,1
		3.54,0.23,-0.28,-9.62,0.41,-1.13,0.26,0.41,-1.13,0.26,1.00,-0.03,0.02,0.03,1.00,-0.09,-0.02,0.09,1.00,0.0000071,1.46,0.37,0.43,1.15,0.51,0.71,1.84,5.32,1.23,1.15,-1.50,0.71,1.84,-1.76,1.23,1
		3.58,0.22,0.03,-9.64,0.41,-0.83,0.21,0.41,-0.83,0.21,1.00,-0.03,0.02,0.03,1.00,-0.09,-0.02,0.09,1.00,0.0000072,1.40,0.18,0.43,1.16,0.47,0.72,1.88,5.34,1.26,1.16,-1.54,0.72,1.88,-1.82,1.26,1
		3.62,0.24,0.00,-9.62,0.44,-0.87,0.23,0.44,-0.87,0.23,1.00,-0.03,0.02,0.03,1.00,-0.09,-0.02,0.09,1.00,0.0000065,1.40,0.43,0.49,1.18,0.43,0.73,1.93,5.36,1.29,1.18,-1.57,0.73,1.93,-1.89,1.29,1
		3.66,0.23,0.01,-9.64,0.42,-0.87,0.22,0.42,-0.87,0.22,1.00,-0.03,0.02,0.03,1.00,-0.09,-0.02,0.09,1.00,0.0000046,1.28,0.24,0.61,1.20,0.39,0.74,1.98,5.38,1.32,1.20,-1.61,0.74,1.98,-1.95,1.32,1
		3.70,0.23,0.00,-9.62,0.42,-0.89,0.24,0.42,-0.89,0.24,1.00,-0.03,0.02,0.03,1.00,-0.09,-0.02,0.09,1.00,0.0000070,1.34,0.37,0.49,1.21,0.36,0.75,2.03,5.39,1.35,1.21,-1.65,0.75,2.03,-2.02,1.35,1
		3.74,0.23,0.01,-9.63,0.43,-0.89,0.22,0.43,-0.89,0.22,1.00,-0.03,0.02,0.03,1.00,-0.09,-0.02,0.09,1.00,0.0000048,1.34,0.12,0.55,1.23,0.32,0.76,2.08,5.41,1.38,1.23,-1.68,0.76,2.08,-2.09,1.38,1
		3.78,0.24,0.00,-9.64,0.44,-0.90,0.22,0.44,-0.90,0.22,1.00,-0.03,0.02,0.03,1.00,-0.09,-0.02,0.09,1.00,0.0000063,1.34,0.37,0.37,1.25,0.28,0.77,2.13,5.42,1.42,1.25,-1.72,0.77,2.13,-2.16,1.42,1
		3.83,0.23,0.01,-9.63,0.43,-0.91,0.23,0.43,-0.91,0.23,1.00,-0.03,0.02,0.03,0.99,-0.09,-0.02,0.09,1.00,0.0000075,1.40,0.37,0.37,1.27,0.25,0.78,2.18,5.43,1.45,1.27,-1.76,0.78,2.18,-2.23,1.45,1
		3.87,0.24,0.01,-9.63,0.44,-0.92,0.23,0.44,-0.92,0.23,1.00,-0.03,0.02,0.03,0.99,-0.09,-0.02,0.10,1.00,0.0000066,1.46,0.24,0.37,1.29,0.21,0.79,2.24,5.44,1.48,1.29,-1.79,0.79,2.24,-2.30,1.48,1
		3.91,0.23,0.01,-9.63,0.44,-0.93,0.23,0.44,-0.93,0.23,1.00,-0.03,0.02,0.04,0.99,-0.10,-0.02,0.10,1.00,0.0000079,1.34,0.37,0.67,1.30,0.17,0.80,2.29,5.45,1.51,1.30,-1.83,0.80,2.29,-2.38,1.51,1
		3.95,0.23,0.01,-9.63,0.43,-0.94,0.23,0.43,-0.94,0.23,1.00,-0.03,0.02,0.04,0.99,-0.10,-0.02,0.10,0.99,0.0000074,1.46,0.37,0.37,1.32,0.13,0.81,2.34,5.45,1.55,1.32,-1.87,0.81,2.34,-2.45,1.55,1
		3.99,0.22,0.00,-9.64,0.43,-0.95,0.23,0.43,-0.95,0.23,1.00,-0.03,0.03,0.04,0.99,-0.10,-0.02,0.10,0.99,0.0000048,1.22,0.55,0.55,1.34,0.09,0.82,2.40,5.46,1.58,1.34,-1.91,0.82,2.40,-2.53,1.58,1
		4.03,0.23,0.00,-9.64,0.44,-0.96,0.22,0.44,-0.96,0.22,1.00,-0.03,0.03,0.04,0.99,-0.10,-0.02,0.10,0.99,0.0000076,1.28,0.43,0.67,1.36,0.05,0.82,2.45,5.46,1.61,1.36,-1.95,0.82,2.45,-2.61,1.61,1
		4.07,0.23,0.01,-9.64,0.45,-0.97,0.23,0.45,-0.97,0.23,1.00,-0.03,0.03,0.04,0.99,-0.10,-0.02,0.10,0.99,0.0000057,1.28,0.37,0.49,1.38,0.01,0.83,2.51,5.46,1.65,1.38,-1.99,0.83,2.51,-2.69,1.65,1
		4.11,0.23,0.00,-9.63,0.45,-0.98,0.24,0.45,-0.98,0.24,1.00,-0.03,0.03,0.04,0.99,-0.10,-0.02,0.10,0.99,0.0000069,1.40,0.18,0.49,1.39,-0.02,0.84,2.57,5.46,1.68,1.39,-2.03,0.84,2.57,-2.77,1.68,1
		4.15,0.23,0.00,-9.64,0.45,-0.99,0.23,0.45,-0.99,0.23,1.00,-0.04,0.03,0.04,0.99,-0.10,-0.02,0.10,0.99,0.0000074,1.53,0.43,0.61,1.41,-0.07,0.85,2.62,5.46,1.72,1.41,-2.07,0.85,2.62,-2.86,1.72,1
		4.20,0.23,0.01,-9.64,0.45,-1.00,0.23,0.45,-1.00,0.23,1.00,-0.04,0.03,0.04,0.99,-0.10,-0.02,0.10,0.99,0.0000069,1.40,0.37,0.49,1.43,-0.11,0.86,2.68,5.46,1.75,1.43,-2.11,0.86,2.68,-2.94,1.75,1
		4.24,0.24,0.00,-9.62,0.46,-1.01,0.25,0.46,-1.01,0.25,1.00,-0.04,0.03,0.04,0.99,-0.10,-0.02,0.10,0.99,0.0000067,1.34,0.43,0.49,1.45,-0.15,0.87,2.74,5.45,1.79,1.45,-2.15,0.87,2.74,-3.03,1.79,1
		4.28,0.23,0.01,-9.64,0.45,-1.02,0.23,0.45,-1.02,0.23,1.00,-0.04,0.03,0.04,0.99,-0.10,-0.02,0.11,0.99,0.0000076,1.46,0.18,0.67,1.47,-0.19,0.88,2.80,5.45,1.82,1.47,-2.19,0.88,2.80,-3.12,1.82,1
		4.32,0.24,0.01,-9.63,0.46,-1.03,0.24,0.46,-1.03,0.24,1.00,-0.04,0.03,0.04,0.99,-0.11,-0.02,0.11,0.99,0.0000051,1.28,0.24,0.49,1.49,-0.23,0.89,2.86,5.44,1.86,1.49,-2.23,0.89,2.86,-3.21,1.86,1
		4.36,0.24,0.00,-9.63,0.47,-1.04,0.25,0.47,-1.04,0.25,1.00,-0.04,0.03,0.04,0.99,-0.11,-0.02,0.11,0.99,0.0000074,1.28,0.18,0.85,1.51,-0.27,0.90,2.92,5.43,1.90,1.51,-2.28,0.90,2.92,-3.30,1.90,1
		4.40,0.23,0.01,-9.64,0.46,-1.04,0.23,0.46,-1.04,0.23,1.00,-0.04,0.03,0.04,0.99,-0.11,-0.02,0.11,0.99,0.0000067,1.34,0.43,0.49,1.53,-0.32,0.91,2.99,5.42,1.93,1.53,-2.32,0.91,2.99,-3.40,1.93,1
		4.44,0.24,0.00,-9.62,0.47,-1.06,0.25,0.47,-1.06,0.25,1.00,-0.04,0.03,0.04,0.99,-0.11,-0.02,0.11,0.99,0.0000068,1.46,0.37,0.49,1.54,-0.36,0.92,3.05,5.40,1.97,1.54,-2.36,0.92,3.05,-3.49,1.97,1
		4.48,0.24,0.01,-9.64,0.47,-1.07,0.24,0.47,-1.07,0.24,1.00,-0.04,0.03,0.04,0.99,-0.11,-0.02,0.11,0.99,0.0000085,1.40,0.31,0.61,1.56,-0.40,0.93,3.11,5.39,2.01,1.56,-2.41,0.93,3.11,-3.59,2.01,1
		4.52,0.22,0.01,-9.63,0.46,-1.07,0.25,0.46,-1.07,0.25,1.00,-0.04,0.03,0.04,0.99,-0.11,-0.02,0.11,0.99,0.0000071,1.46,0.37,0.43,1.58,-0.45,0.94,3.18,5.37,2.05,1.58,-2.45,0.94,3.18,-3.69,2.05,1
		4.57,0.24,0.01,-9.64,0.47,-1.09,0.24,0.47,-1.09,0.24,1.00,-0.04,0.03,0.04,0.99,-0.11,-0.02,0.11,0.99,0.0000080,1.59,0.37,0.55,1.60,-0.49,0.95,3.24,5.35,2.09,1.60,-2.49,0.95,3.24,-3.79,2.09,1
		4.61,0.23,0.01,-9.63,0.47,-1.09,0.25,0.47,-1.09,0.25,1.00,-0.04,0.03,0.04,0.99,-0.11,-0.02,0.11,0.99,0.0000068,1.34,0.37,0.49,1.62,-0.54,0.96,3.31,5.33,2.13,1.62,-2.54,0.96,3.31,-3.90,2.13,1
		4.65,0.24,0.00,-9.62,0.48,-1.11,0.26,0.48,-1.11,0.26,1.00,-0.04,0.03,0.04,0.99,-0.11,-0.03,0.11,0.99,0.0000060,1.34,0.31,0.49,1.64,-0.58,0.97,3.38,5.30,2.17,1.64,-2.58,0.97,3.38,-4.00,2.17,1
		4.69,0.24,0.00,-9.64,0.48,-1.12,0.25,0.48,-1.12,0.25,1.00,-0.04,0.03,0.04,0.99,-0.11,-0.03,0.12,0.99,0.0000047,1.28,0.24,0.61,1.66,-0.63,0.98,3.44,5.28,2.21,1.66,-2.63,0.98,3.44,-4.11,2.21,1
		4.73,0.23,0.01,-9.63,0.47,-1.12,0.25,0.47,-1.12,0.25,1.00,-0.04,0.03,0.04,0.99,-0.12,-0.03,0.12,0.99,0.0000073,1.46,0.31,0.49,1.68,-0.67,0.99,3.51,5.25,2.25,1.68,-2.68,0.99,3.51,-4.22,2.25,1
		4.77,0.22,0.01,-9.63,0.46,-1.13,0.25,0.46,-1.13,0.25,1.00,-0.04,0.03,0.04,0.99,-0.12,-0.03,0.12,0.99,0.0000059,1.34,0.37,0.43,1.70,-0.72,1.00,3.58,5.22,2.29,1.70,-2.72,1.00,3.58,-4.33,2.29,1
		4.81,0.23,0.01,-9.63,0.47,-1.14,0.26,0.47,-1.14,0.26,1.00,-0.04,0.03,0.04,0.99,-0.12,-0.03,0.12,0.99,0.0000053,1.34,0.24,0.43,1.72,-0.77,1.01,3.65,5.19,2.33,1.72,-2.77,1.01,3.65,-4.44,2.33,1
		4.85,0.23,0.01,-9.64,0.48,-1.15,0.24,0.48,-1.15,0.24,1.00,-0.04,0.03,0.04,0.99,-0.12,-0.03,0.12,0.99,0.0000059,1.34,0.37,0.43,1.74,-0.81,1.02,3.72,5.16,2.37,1.74,-2.82,1.02,3.72,-4.56,2.37,1
		4.89,0.22,0.01,-9.63,0.47,-1.16,0.26,0.47,-1.16,0.26,1.00,-0.04,0.03,0.04,0.99,-0.12,-0.03,0.12,0.99,0.0000077,1.59,0.55,0.43,1.76,-0.86,1.04,3.80,5.13,2.41,1.76,-2.86,1.04,3.80,-4.67,2.41,1
		4.93,0.23,0.00,-9.64,0.48,-1.18,0.25,0.48,-1.18,0.25,1.00,-0.04,0.03,0.05,0.99,-0.12,-0.03,0.12,0.99,0.0000060,1.34,0.24,0.61,1.78,-0.91,1.05,3.87,5.09,2.46,1.78,-2.91,1.05,3.87,-4.79,2.46,1
		4.98,0.23,0.01,-9.65,0.48,-1.18,0.24,0.48,-1.18,0.24,1.00,-0.04,0.03,0.05,0.99,-0.12,-0.03,0.12,0.99,0.0000085,1.59,0.31,0.55,1.80,-0.96,1.06,3.94,5.05,2.50,1.80,-2.96,1.06,3.94,-4.91,2.50,1
		5.02,0.21,0.01,-9.63,0.47,-1.19,0.26,0.47,-1.19,0.26,1.00,-0.04,0.03,0.05,0.99,-0.12,-0.03,0.12,0.99,0.0000065,1.40,0.31,0.18,1.82,-1.01,1.07,4.01,5.01,2.54,1.82,-3.01,1.07,4.01,-5.03,2.54,1
		5.06,0.23,0.01,-9.64,0.49,-1.20,0.26,0.49,-1.20,0.26,1.00,-0.04,0.03,0.05,0.99,-0.12,-0.03,0.12,0.99,0.0000083,1.34,0.31,0.67,1.84,-1.05,1.08,4.09,4.97,2.59,1.84,-3.06,1.08,4.09,-5.16,2.59,1
		5.10,0.23,0.00,-9.63,0.49,-1.22,0.26,0.49,-1.22,0.26,1.00,-0.04,0.03,0.05,0.99,-0.12,-0.03,0.13,0.99,0.0000068,1.34,0.37,0.55,1.86,-1.10,1.09,4.17,4.93,2.63,1.86,-3.11,1.09,4.17,-5.28,2.63,1
		5.14,0.23,0.01,-9.63,0.49,-1.22,0.27,0.49,-1.22,0.27,1.00,-0.04,0.03,0.05,0.99,-0.13,-0.03,0.13,0.99,0.0000055,1.40,0.31,0.31,1.88,-1.15,1.10,4.24,4.88,2.68,1.88,-3.16,1.10,4.24,-5.41,2.68,1
		5.18,0.23,0.01,-9.63,0.49,-1.23,0.27,0.49,-1.23,0.27,1.00,-0.04,0.03,0.05,0.99,-0.13,-0.03,0.13,0.99,0.0000072,1.53,0.43,0.67,1.90,-1.20,1.11,4.32,4.83,2.72,1.90,-3.21,1.11,4.32,-5.54,2.72,1
		5.22,0.23,0.00,-9.63,0.50,-1.25,0.27,0.50,-1.25,0.27,1.00,-0.04,0.03,0.05,0.99,-0.13,-0.03,0.13,0.99,0.0000080,1.40,0.37,0.61,1.92,-1.25,1.12,4.40,4.78,2.77,1.92,-3.26,1.12,4.40,-5.68,2.77,1
		5.26,0.24,-0.00,-9.63,0.51,-1.26,0.27,0.51,-1.26,0.27,1.00,-0.04,0.03,0.05,0.99,-0.13,-0.03,0.13,0.99,0.0000068,1.40,0.43,0.43,1.94,-1.31,1.13,4.48,4.73,2.81,1.94,-3.31,1.13,4.48,-5.81,2.81,1
		5.30,0.23,0.01,-9.63,0.51,-1.26,0.27,0.51,-1.26,0.27,1.00,-0.04,0.03,0.05,0.99,-0.13,-0.03,0.13,0.99,0.0000075,1.46,0.43,0.61,1.96,-1.36,1.14,4.56,4.67,2.86,1.96,-3.36,1.14,4.56,-5.95,2.86,1
		5.34,0.22,0.01,-9.63,0.49,-1.27,0.27,0.49,-1.27,0.27,1.00,-0.05,0.03,0.05,0.99,-0.13,-0.03,0.13,0.99,0.0000067,1.40,0.49,0.79,1.98,-1.41,1.15,4.64,4.62,2.91,1.98,-3.41,1.15,4.64,-6.09,2.91,1
		5.39,0.23,0.00,-9.63,0.51,-1.29,0.27,0.51,-1.29,0.27,1.00,-0.05,0.04,0.05,0.99,-0.13,-0.03,0.13,0.99,0.0000049,1.34,0.43,0.31,2.00,-1.46,1.16,4.72,4.56,2.95,2.00,-3.47,1.16,4.72,-6.23,2.95,1
		5.43,0.23,0.01,-9.64,0.51,-1.29,0.26,0.51,-1.29,0.26,1.00,-0.05,0.04,0.05,0.99,-0.13,-0.03,0.13,0.99,0.0000050,1.34,0.24,0.49,2.02,-1.52,1.18,4.80,4.50,3.00,2.02,-3.52,1.18,4.80,-6.37,3.00,1
		5.47,0.24,0.00,-9.63,0.52,-1.30,0.28,0.52,-1.30,0.28,1.00,-0.05,0.04,0.05,0.99,-0.13,-0.03,0.13,0.99,0.0000072,1.40,0.43,0.37,2.04,-1.57,1.19,4.88,4.43,3.05,2.04,-3.57,1.19,4.88,-6.52,3.05,1
		5.51,0.23,0.00,-9.63,0.51,-1.31,0.28,0.51,-1.31,0.28,1.00,-0.05,0.04,0.05,0.99,-0.13,-0.03,0.14,0.99,0.0000075,1.40,0.37,0.37,2.06,-1.62,1.20,4.97,4.37,3.10,2.06,-3.62,1.20,4.97,-6.66,3.10,1
		5.55,0.23,-0.00,-9.63,0.52,-1.33,0.28,0.52,-1.33,0.28,1.00,-0.05,0.04,0.05,0.99,-0.14,-0.03,0.14,0.99,0.0000067,1.53,0.37,0.49,2.08,-1.68,1.21,5.05,4.30,3.15,2.08,-3.68,1.21,5.05,-6.81,3.15,1
		5.59,0.23,0.01,-9.63,0.52,-1.33,0.28,0.52,-1.33,0.28,1.00,-0.05,0.04,0.05,0.99,-0.14,-0.03,0.14,0.99,0.0000072,1.53,0.49,0.31,2.11,-1.73,1.22,5.14,4.23,3.20,2.11,-3.73,1.22,5.14,-6.97,3.20,1
		5.63,0.23,0.02,-9.64,0.52,-1.33,0.27,0.52,-1.33,0.27,1.00,-0.05,0.04,0.05,0.99,-0.14,-0.03,0.14,0.99,0.0000491,1.34,0.31,3.91,2.13,-1.79,1.23,5.23,4.16,3.25,2.13,-3.79,1.23,5.23,-7.12,3.25,1
		5.67,0.15,0.18,-9.62,0.45,-1.18,0.27,0.45,-1.18,0.27,1.00,-0.05,0.04,0.06,0.99,-0.14,-0.03,0.14,0.99,0.0000238,1.34,0.43,2.50,2.15,-1.84,1.24,5.31,4.09,3.30,2.15,-3.84,1.24,5.31,-7.28,3.30,1
		5.71,0.23,0.01,-9.64,0.52,-1.36,0.28,0.52,-1.36,0.28,1.00,-0.05,0.04,0.06,0.99,-0.14,-0.03,0.14,0.99,0.0000045,1.28,0.31,0.55,2.17,-1.89,1.26,5.40,4.01,3.35,2.17,-3.89,1.26,5.40,-7.43,3.35,1
		5.76,0.24,0.01,-9.64,0.53,-1.37,0.28,0.53,-1.37,0.28,1.00,-0.05,0.04,0.06,0.99,-0.14,-0.03,0.14,0.99,0.0000077,1.59,0.18,0.61,2.19,-1.94,1.27,5.49,3.93,3.40,2.19,-3.95,1.27,5.49,-7.59,3.40,1
		5.80,0.24,0.01,-9.64,0.54,-1.38,0.29,0.54,-1.38,0.29,1.00,-0.05,0.04,0.06,0.99,-0.14,-0.03,0.14,0.99,0.0000085,1.59,0.31,0.55,2.21,-2.00,1.28,5.58,3.85,3.45,2.21,-4.00,1.28,5.58,-7.76,3.45,1
		5.84,0.21,0.03,-9.63,0.51,-1.37,0.29,0.51,-1.37,0.29,1.00,-0.05,0.04,0.06,0.99,-0.14,-0.03,0.14,0.99,0.0000068,1.34,0.12,0.79,2.23,-2.06,1.29,5.67,3.77,3.51,2.23,-4.06,1.29,5.67,-7.92,3.51,1
		5.88,0.22,0.02,-9.64,0.52,-1.39,0.28,0.52,-1.39,0.28,1.00,-0.05,0.04,0.06,0.99,-0.14,-0.03,0.14,0.99,0.0000046,1.28,0.06,0.67,2.25,-2.11,1.30,5.77,3.68,3.56,2.25,-4.12,1.30,5.77,-8.09,3.56,1
		5.92,0.20,0.07,-9.64,0.50,-1.35,0.27,0.50,-1.35,0.27,1.00,-0.05,0.04,0.06,0.99,-0.14,-0.03,0.15,0.99,0.0000078,1.53,0.31,-0.67,2.27,-2.17,1.31,5.86,3.59,3.61,2.27,-4.17,1.31,5.86,-8.26,3.61,1
		5.96,0.24,-0.02,-9.64,0.54,-1.45,0.29,0.54,-1.45,0.29,1.00,-0.05,0.04,0.06,0.99,-0.15,-0.03,0.15,0.99,0.0000060,1.46,0.24,-0.49,2.30,-2.23,1.33,5.95,3.50,3.67,2.30,-4.23,1.33,5.95,-8.44,3.67,1
		6.00,0.25,-0.05,-9.64,0.55,-1.49,0.30,0.55,-1.49,0.30,1.00,-0.05,0.04,0.06,0.99,-0.15,-0.03,0.15,0.99,0.0000060,1.22,0.49,0.67,2.32,-2.29,1.34,6.05,3.41,3.73,2.32,-4.29,1.34,6.05,-8.62,3.73,1
		6.04,0.22,0.01,-9.63,0.53,-1.44,0.30,0.53,-1.44,0.30,1.00,-0.05,0.04,0.06,0.99,-0.15,-0.03,0.15,0.99,0.0000059,1.34,0.43,0.18,2.34,-2.35,1.35,6.15,3.31,3.78,2.34,-4.35,1.35,6.15,-8.79,3.78,1
		6.09,0.10,0.17,-9.61,0.41,-1.28,0.29,0.41,-1.28,0.29,1.00,-0.05,0.04,0.06,0.99,-0.15,-0.03,0.15,0.99,0.0000078,1.53,0.31,0.18,2.36,-2.41,1.36,6.24,3.21,3.84,2.36,-4.41,1.36,6.24,-8.97,3.84,1
		6.13,0.26,-0.02,-9.65,0.56,-1.49,0.29,0.56,-1.49,0.29,1.00,-0.05,0.04,0.06,0.99,-0.15,-0.03,0.15,0.99,0.0000067,1.34,0.24,-0.85,2.38,-2.46,1.37,6.34,3.11,3.89,2.38,-4.47,1.37,6.34,-9.16,3.89,1
		6.17,0.17,0.12,-9.63,0.48,-1.35,0.29,0.48,-1.35,0.29,1.00,-0.05,0.04,0.06,0.99,-0.15,-0.03,0.15,0.99,0.0000280,1.22,0.12,2.75,2.40,-2.52,1.39,6.44,3.01,3.95,2.40,-4.52,1.39,6.44,-9.34,3.95,1
		6.21,0.21,0.03,-9.64,0.52,-1.45,0.29,0.52,-1.45,0.29,1.00,-0.05,0.04,0.06,0.99,-0.15,-0.03,0.15,0.99,0.0000050,1.34,0.00,0.37,2.42,-2.58,1.40,6.54,2.90,4.01,2.42,-4.58,1.40,6.54,-9.53,4.01,1
		6.25,0.26,-0.01,-9.62,0.57,-1.51,0.32,0.57,-1.51,0.32,1.00,-0.05,0.04,0.06,0.99,-0.15,-0.03,0.15,0.99,0.0000069,1.59,0.37,0.43,2.45,-2.64,1.41,6.64,2.79,4.07,2.45,-4.65,1.41,6.64,-9.72,4.07,1
		6.29,0.22,0.01,-9.63,0.53,-1.49,0.31,0.53,-1.49,0.31,1.00,-0.06,0.04,0.06,0.99,-0.15,-0.03,0.15,0.99,0.0000077,1.46,0.37,0.61,2.47,-2.70,1.42,6.74,2.68,4.12,2.47,-4.71,1.42,6.74,-9.92,4.12,1
		6.33,0.23,0.01,-9.64,0.54,-1.51,0.30,0.54,-1.51,0.30,1.00,-0.06,0.04,0.06,0.99,-0.15,-0.03,0.16,0.99,0.0000072,1.40,0.37,0.43,2.49,-2.77,1.44,6.85,2.57,4.18,2.49,-4.77,1.44,6.85,-10.12,4.18,1
		6.37,0.24,-0.01,-9.63,0.55,-1.54,0.32,0.55,-1.54,0.32,1.00,-0.06,0.04,0.06,0.99,-0.15,-0.03,0.16,0.99,0.0000084,1.46,0.31,0.61,2.51,-2.83,1.45,6.95,2.45,4.24,2.51,-4.83,1.45,6.95,-10.31,4.24,1
		6.42,0.24,0.01,-9.64,0.56,-1.53,0.31,0.56,-1.53,0.31,1.00,-0.06,0.04,0.06,0.99,-0.16,-0.03,0.16,0.99,0.0000068,1.40,0.43,0.43,2.54,-2.89,1.46,7.05,2.34,4.30,2.54,-4.90,1.46,7.05,-10.51,4.30,1
		6.46,0.24,0.00,-9.63,0.55,-1.54,0.31,0.55,-1.54,0.31,1.00,-0.06,0.04,0.06,0.99,-0.16,-0.03,0.16,0.99,0.0000069,1.40,0.24,0.37,2.56,-2.96,1.47,7.16,2.22,4.36,2.56,-4.96,1.47,7.16,-10.71,4.36,1
		6.50,0.23,0.01,-9.63,0.55,-1.55,0.32,0.55,-1.55,0.32,1.00,-0.06,0.04,0.06,0.99,-0.16,-0.03,0.16,0.99,0.0000059,1.53,0.24,0.49,2.58,-3.02,1.49,7.26,2.09,4.42,2.58,-5.02,1.49,7.26,-10.92,4.42,1
		6.54,0.24,0.00,-9.63,0.55,-1.56,0.32,0.55,-1.56,0.32,1.00,-0.06,0.04,0.06,0.99,-0.16,-0.03,0.16,0.99,0.0000073,1.46,0.12,0.61,2.60,-3.08,1.50,7.37,1.97,4.49,2.60,-5.09,1.50,7.37,-11.13,4.49,1
		6.58,0.23,0.01,-9.63,0.55,-1.57,0.32,0.55,-1.57,0.32,1.00,-0.06,0.04,0.06,0.99,-0.16,-0.03,0.16,0.99,0.0000061,1.53,0.24,0.49,2.63,-3.15,1.51,7.48,1.84,4.55,2.63,-5.15,1.51,7.48,-11.34,4.55,1
		6.62,0.23,0.01,-9.64,0.55,-1.58,0.31,0.55,-1.58,0.31,1.00,-0.06,0.04,0.06,0.98,-0.16,-0.03,0.16,0.99,0.0000047,1.28,0.31,0.49,2.65,-3.21,1.53,7.59,1.71,4.61,2.65,-5.22,1.53,7.59,-11.55,4.61,1
		6.66,0.23,0.01,-9.63,0.56,-1.59,0.32,0.56,-1.59,0.32,1.00,-0.06,0.04,0.06,0.98,-0.16,-0.03,0.16,0.99,0.0000074,1.40,0.12,0.61,2.67,-3.28,1.54,7.70,1.58,4.67,2.67,-5.28,1.54,7.70,-11.77,4.67,1
		6.70,0.24,0.00,-9.64,0.56,-1.60,0.32,0.56,-1.60,0.32,1.00,-0.06,0.04,0.07,0.98,-0.16,-0.03,0.17,0.99,0.0000083,1.34,0.31,0.67,2.69,-3.34,1.55,7.81,1.44,4.74,2.69,-5.35,1.55,7.81,-11.99,4.74,1
		6.74,0.24,0.01,-9.63,0.56,-1.61,0.33,0.56,-1.61,0.33,1.00,-0.06,0.04,0.07,0.98,-0.16,-0.03,0.17,0.99,0.0000062,1.46,0.24,0.49,2.72,-3.41,1.57,7.92,1.30,4.80,2.72,-5.41,1.57,7.92,-12.21,4.80,1
		6.79,0.24,0.01,-9.63,0.57,-1.62,0.33,0.57,-1.62,0.33,1.00,-0.06,0.04,0.07,0.98,-0.16,-0.03,0.17,0.99,0.0000073,1.40,0.18,0.37,2.74,-3.48,1.58,8.03,1.16,4.87,2.74,-5.48,1.58,8.03,-12.43,4.87,1
		6.83,0.23,0.00,-9.63,0.56,-1.63,0.33,0.56,-1.63,0.33,1.00,-0.06,0.04,0.07,0.98,-0.17,-0.03,0.17,0.99,0.0000081,1.53,0.18,0.55,2.76,-3.54,1.59,8.14,1.01,4.93,2.76,-5.55,1.59,8.14,-12.66,4.93,1
		6.87,0.23,0.00,-9.63,0.55,-1.64,0.33,0.55,-1.64,0.33,1.00,-0.06,0.04,0.07,0.98,-0.17,-0.03,0.17,0.98,0.0000065,1.40,0.12,0.43,2.79,-3.61,1.61,8.26,0.87,5.00,2.79,-5.61,1.61,8.26,-12.89,5.00,1
		6.91,0.24,0.00,-9.63,0.56,-1.65,0.34,0.56,-1.65,0.34,1.00,-0.06,0.04,0.07,0.98,-0.17,-0.03,0.17,0.98,0.0000063,1.46,0.12,0.43,2.81,-3.68,1.62,8.37,0.72,5.06,2.81,-5.68,1.62,8.37,-13.12,5.06,1
		6.95,0.24,0.01,-9.63,0.57,-1.65,0.34,0.57,-1.65,0.34,1.00,-0.06,0.04,0.07,0.98,-0.17,-0.03,0.17,0.98,0.0000060,1.34,0.31,0.49,2.83,-3.75,1.64,8.49,0.56,5.13,2.83,-5.75,1.64,8.49,-13.36,5.13,1
		6.99,0.24,0.00,-9.63,0.56,-1.67,0.34,0.56,-1.67,0.34,1.00,-0.06,0.05,0.07,0.98,-0.17,-0.03,0.17,0.98,0.0000049,1.34,0.31,0.43,2.86,-3.82,1.65,8.61,0.41,5.20,2.86,-5.82,1.65,8.61,-13.60,5.20,1
		7.03,0.24,0.00,-9.62,0.57,-1.68,0.35,0.57,-1.68,0.35,1.00,-0.06,0.05,0.07,0.98,-0.17,-0.03,0.17,0.98,0.0000061,1.53,0.24,0.49,2.88,-3.88,1.66,8.73,0.25,5.27,2.88,-5.89,1.66,8.73,-13.84,5.27,1
		7.07,0.23,0.01,-9.63,0.56,-1.69,0.35,0.56,-1.69,0.35,1.00,-0.06,0.05,0.07,0.98,-0.17,-0.03,0.17,0.98,0.0000075,1.40,0.37,0.37,2.90,-3.95,1.68,8.84,0.09,5.34,2.90,-5.96,1.68,8.84,-14.08,5.34,1
		7.12,0.23,0.00,-9.63,0.56,-1.70,0.34,0.56,-1.70,0.34,1.00,-0.06,0.05,0.07,0.98,-0.17,-0.03,0.18,0.98,0.0000083,1.34,0.31,0.67,2.93,-4.02,1.69,8.96,-0.08,5.41,2.93,-6.03,1.69,8.96,-14.33,5.41,1
		7.16,0.23,0.00,-9.62,0.57,-1.71,0.36,0.57,-1.71,0.36,1.00,-0.06,0.05,0.07,0.98,-0.17,-0.03,0.18,0.98,0.0000060,1.34,0.49,0.55,2.95,-4.09,1.71,9.08,-0.24,5.48,2.95,-6.10,1.71,9.08,-14.58,5.48,1
		7.20,0.23,-0.00,-9.62,0.56,-1.72,0.36,0.56,-1.72,0.36,1.00,-0.06,0.05,0.07,0.98,-0.17,-0.04,0.18,0.98,0.0000072,1.40,0.43,0.37,2.97,-4.16,1.72,9.21,-0.42,5.55,2.97,-6.17,1.72,9.21,-14.83,5.55,1
		7.24,0.23,0.00,-9.62,0.57,-1.73,0.36,0.57,-1.73,0.36,1.00,-0.06,0.05,0.07,0.98,-0.18,-0.04,0.18,0.98,0.0000065,1.34,0.24,0.43,3.00,-4.24,1.74,9.33,-0.59,5.62,3.00,-6.24,1.74,9.33,-15.09,5.62,1
		7.28,0.23,0.00,-9.63,0.57,-1.74,0.36,0.57,-1.74,0.36,1.00,-0.06,0.05,0.07,0.98,-0.18,-0.04,0.18,0.98,0.0000061,1.40,0.49,0.55,3.02,-4.31,1.75,9.46,-0.77,5.69,3.02,-6.31,1.75,9.46,-15.35,5.69,1
		7.32,0.24,-0.00,-9.63,0.58,-1.75,0.36,0.58,-1.75,0.36,1.00,-0.06,0.05,0.07,0.98,-0.18,-0.04,0.18,0.98,0.0000051,1.28,0.49,0.49,3.04,-4.38,1.77,9.58,-0.95,5.76,3.04,-6.38,1.77,9.58,-15.61,5.76,1
		7.36,0.24,0.00,-9.63,0.58,-1.76,0.36,0.58,-1.76,0.36,1.00,-0.06,0.05,0.07,0.98,-0.18,-0.04,0.18,0.98,0.0000061,1.40,0.24,0.55,3.07,-4.45,1.78,9.71,-1.13,5.84,3.07,-6.45,1.78,9.71,-15.87,5.84,1
		7.40,0.24,0.00,-9.62,0.58,-1.76,0.36,0.58,-1.76,0.36,1.00,-0.06,0.05,0.07,0.98,-0.18,-0.04,0.18,0.98,0.0000078,1.40,0.31,0.73,3.09,-4.52,1.80,9.83,-1.31,5.91,3.09,-6.53,1.80,9.83,-16.14,5.91,1
		7.45,0.23,0.01,-9.63,0.58,-1.77,0.36,0.58,-1.77,0.36,1.00,-0.06,0.05,0.07,0.98,-0.18,-0.04,0.18,0.98,0.0000080,1.40,0.18,0.61,3.12,-4.60,1.81,9.96,-1.50,5.99,3.12,-6.60,1.81,9.96,-16.42,5.99,1
		7.49,0.24,-0.00,-9.68,0.59,-1.80,0.32,0.59,-1.80,0.32,1.00,-0.06,0.05,0.07,0.98,-0.18,-0.04,0.18,0.98,0.0000072,1.40,0.18,0.43,3.14,-4.67,1.82,10.09,-1.69,6.06,3.14,-6.67,1.82,10.09,-16.69,6.06,1
		7.53,0.22,0.07,-9.67,0.58,-1.73,0.32,0.58,-1.73,0.32,1.00,-0.07,0.05,0.07,0.98,-0.18,-0.04,0.19,0.98,0.0000110,1.59,0.31,0.98,3.16,-4.74,1.84,10.22,-1.89,6.14,3.16,-6.75,1.84,10.22,-16.96,6.14,1
		7.57,0.24,-0.03,-9.63,0.59,-1.84,0.37,0.59,-1.84,0.37,1.00,-0.07,0.05,0.07,0.98,-0.18,-0.04,0.19,0.98,0.0000065,1.40,0.18,0.55,3.19,-4.82,1.85,10.35,-2.09,6.21,3.19,-6.82,1.85,10.35,-17.25,6.21,1
		7.61,0.22,0.01,-9.63,0.57,-1.81,0.37,0.57,-1.81,0.37,1.00,-0.07,0.05,0.07,0.98,-0.18,-0.04,0.19,0.98,0.0000060,1.46,0.24,0.55,3.21,-4.89,1.87,10.49,-2.29,6.29,3.21,-6.90,1.87,10.49,-17.54,6.29,1
		7.65,0.24,-0.00,-9.58,0.59,-1.82,0.42,0.59,-1.82,0.42,1.00,-0.07,0.05,0.07,0.98,-0.19,-0.04,0.19,0.98,0.0000066,1.28,0.37,0.61,3.24,-4.97,1.88,10.62,-2.49,6.37,3.24,-6.97,1.88,10.62,-17.82,6.37,1
		7.70,0.24,0.01,-9.57,0.59,-1.82,0.43,0.59,-1.82,0.43,1.00,-0.07,0.05,0.08,0.98,-0.19,-0.04,0.19,0.98,0.0000065,1.40,0.18,0.55,3.26,-5.05,1.90,10.76,-2.70,6.45,3.26,-7.05,1.90,10.76,-18.12,6.45,1
		7.74,0.24,0.00,-9.65,0.59,-1.85,0.36,0.59,-1.85,0.36,1.00,-0.07,0.05,0.08,0.98,-0.19,-0.04,0.19,0.98,0.0000065,1.65,0.24,0.37,3.29,-5.12,1.92,10.89,-2.92,6.53,3.29,-7.13,1.92,10.89,-18.41,6.53,1
		7.78,0.23,0.00,-9.63,0.59,-1.86,0.37,0.59,-1.86,0.37,1.00,-0.07,0.05,0.08,0.98,-0.19,-0.04,0.19,0.98,0.0000079,1.46,0.31,0.73,3.31,-5.20,1.93,11.03,-3.13,6.61,3.31,-7.20,1.93,11.03,-18.71,6.61,1
		7.82,0.23,0.00,-9.63,0.58,-1.87,0.38,0.58,-1.87,0.38,1.00,-0.07,0.05,0.08,0.98,-0.19,-0.04,0.19,0.98,0.0000060,1.46,0.24,0.55,3.33,-5.28,1.95,11.17,-3.34,6.69,3.33,-7.28,1.95,11.17,-19.00,6.69,1
		7.86,0.23,0.00,-9.63,0.59,-1.88,0.38,0.59,-1.88,0.38,1.00,-0.07,0.05,0.08,0.98,-0.19,-0.04,0.19,0.98,0.0000071,1.34,0.49,0.67,3.36,-5.35,1.96,11.30,-3.56,6.77,3.36,-7.35,1.96,11.30,-19.30,6.77,1
		7.90,0.23,0.01,-9.62,0.59,-1.88,0.39,0.59,-1.88,0.39,1.00,-0.07,0.05,0.08,0.98,-0.19,-0.04,0.19,0.98,0.0000066,1.34,0.37,0.61,3.38,-5.43,1.98,11.44,-3.79,6.85,3.38,-7.43,1.98,11.44,-19.61,6.85,1
		7.94,0.24,0.00,-9.62,0.60,-1.90,0.39,0.60,-1.90,0.39,1.00,-0.07,0.05,0.08,0.98,-0.19,-0.04,0.20,0.98,0.0000059,1.53,0.24,0.49,3.41,-5.51,2.00,11.59,-4.02,6.93,3.41,-7.51,2.00,11.59,-19.93,6.93,1
		7.99,0.23,0.00,-9.62,0.59,-1.91,0.39,0.59,-1.91,0.39,1.00,-0.07,0.05,0.08,0.98,-0.19,-0.04,0.20,0.98,0.0000084,1.46,0.31,0.61,3.43,-5.59,2.01,11.73,-4.24,7.01,3.43,-7.59,2.01,11.73,-20.24,7.01,1
		8.03,0.28,-0.20,-9.62,0.62,-2.12,0.44,0.62,-2.12,0.44,1.00,-0.07,0.05,0.08,0.98,-0.19,-0.04,0.20,0.98,0.0000496,1.28,0.18,3.91,3.46,-5.67,2.03,11.87,-4.47,7.10,3.46,-7.67,2.03,11.87,-20.55,7.10,1
		8.07,0.24,0.00,-9.57,0.60,-1.91,0.45,0.60,-1.91,0.45,1.00,-0.07,0.05,0.08,0.98,-0.20,-0.04,0.20,0.98,0.0000062,1.46,0.24,0.49,3.48,-5.76,2.05,12.01,-4.71,7.18,3.48,-7.76,2.05,12.01,-20.87,7.18,1
		8.11,0.22,0.00,-9.61,0.59,-1.93,0.41,0.59,-1.93,0.41,1.00,-0.07,0.05,0.08,0.98,-0.20,-0.04,0.20,0.98,0.0000080,1.40,0.37,0.61,3.51,-5.83,2.07,12.16,-4.95,7.27,3.51,-7.84,2.07,12.16,-21.19,7.27,1
		8.15,0.25,0.00,-9.61,0.61,-1.94,0.42,0.61,-1.94,0.42,1.00,-0.07,0.05,0.08,0.98,-0.20,-0.04,0.20,0.98,0.0000049,1.34,0.31,0.43,3.53,-5.91,2.08,12.30,-5.19,7.35,3.53,-7.92,2.08,12.30,-21.52,7.35,1
		8.19,0.23,0.00,-9.62,0.60,-1.95,0.41,0.60,-1.95,0.41,1.00,-0.07,0.05,0.08,0.98,-0.20,-0.04,0.20,0.98,0.0000063,1.34,0.18,0.37,3.56,-5.99,2.10,12.45,-5.44,7.44,3.56,-8.00,2.10,12.45,-21.84,7.44,1
		8.23,0.23,0.01,-9.62,0.59,-1.96,0.41,0.59,-1.96,0.41,1.00,-0.07,0.05,0.08,0.98,-0.20,-0.04,0.20,0.98,0.0000061,1.40,0.12,0.55,3.58,-6.07,2.12,12.59,-5.68,7.52,3.58,-8.08,2.12,12.59,-22.17,7.52,1
		8.27,0.25,0.00,-9.62,0.61,-1.97,0.41,0.61,-1.97,0.41,1.00,-0.07,0.05,0.08,0.98,-0.20,-0.04,0.20,0.98,0.0000060,1.34,0.06,0.55,3.61,-6.15,2.13,12.74,-5.94,7.61,3.61,-8.16,2.13,12.74,-22.51,7.61,1
		8.32,0.24,0.01,-9.62,0.60,-1.98,0.41,0.60,-1.98,0.41,1.00,-0.07,0.05,0.08,0.98,-0.20,-0.04,0.20,0.98,0.0000062,1.34,0.24,0.49,3.63,-6.24,2.15,12.89,-6.20,7.70,3.63,-8.24,2.15,12.89,-22.85,7.70,1
		8.36,0.23,0.01,-9.62,0.60,-1.99,0.42,0.60,-1.99,0.42,1.00,-0.07,0.05,0.08,0.98,-0.20,-0.04,0.21,0.98,0.0000059,1.40,0.31,0.49,3.66,-6.32,2.17,13.05,-6.46,7.79,3.66,-8.32,2.17,13.05,-23.20,7.79,1
		8.40,0.24,0.00,-9.62,0.61,-2.00,0.42,0.61,-2.00,0.42,1.00,-0.07,0.05,0.08,0.98,-0.20,-0.04,0.21,0.98,0.0000074,1.59,0.24,0.55,3.68,-6.40,2.19,13.20,-6.72,7.88,3.68,-8.41,2.18,13.20,-23.54,7.88,1
		8.44,0.23,0.01,-9.62,0.60,-2.01,0.42,0.60,-2.01,0.42,1.00,-0.08,0.06,0.09,0.98,-0.20,-0.04,0.21,0.98,0.0000049,1.28,0.24,0.55,3.71,-6.48,2.20,13.35,-6.98,7.97,3.71,-8.49,2.20,13.35,-23.89,7.97,1
		8.48,0.23,0.01,-9.61,0.60,-2.02,0.43,0.60,-2.02,0.43,1.00,-0.08,0.06,0.09,0.98,-0.20,-0.04,0.21,0.98,0.0000073,1.53,0.12,0.55,3.73,-6.57,2.22,13.50,-7.25,8.06,3.73,-8.57,2.22,13.50,-24.24,8.06,1
		8.52,0.24,0.00,-9.62,0.61,-2.03,0.42,0.61,-2.03,0.42,1.00,-0.08,0.06,0.09,0.97,-0.21,-0.04,0.21,0.98,0.0000066,1.34,0.37,0.55,3.76,-6.65,2.24,13.66,-7.53,8.16,3.76,-8.66,2.24,13.66,-24.60,8.16,1
		8.56,0.23,0.01,-9.64,0.60,-2.04,0.41,0.60,-2.04,0.41,1.00,-0.08,0.06,0.09,0.97,-0.21,-0.04,0.21,0.98,0.0000069,1.59,0.43,0.37,3.78,-6.74,2.25,13.82,-7.81,8.25,3.78,-8.74,2.25,13.82,-24.96,8.25,1
		8.61,0.24,0.01,-9.62,0.61,-2.05,0.42,0.61,-2.05,0.42,1.00,-0.08,0.06,0.09,0.97,-0.21,-0.04,0.21,0.98,0.0000056,1.28,0.31,0.67,3.81,-6.82,2.27,13.97,-8.09,8.34,3.81,-8.82,2.27,13.97,-25.32,8.34,1
		8.65,0.24,0.00,-9.60,0.61,-2.06,0.45,0.61,-2.06,0.45,1.00,-0.08,0.06,0.09,0.97,-0.21,-0.04,0.21,0.98,0.0000073,1.46,0.31,0.49,3.83,-6.91,2.29,14.13,-8.37,8.44,3.83,-8.91,2.29,14.13,-25.69,8.44,1
		8.69,0.22,0.01,-9.61,0.60,-2.07,0.44,0.60,-2.07,0.44,1.00,-0.08,0.06,0.09,0.97,-0.21,-0.04,0.21,0.98,0.0000089,1.59,0.24,0.61,3.86,-6.99,2.31,14.29,-8.65,8.53,3.86,-8.99,2.31,14.29,-26.05,8.53,1
		8.73,0.23,0.00,-9.61,0.61,-2.08,0.44,0.61,-2.08,0.44,1.00,-0.08,0.06,0.09,0.97,-0.21,-0.04,0.21,0.98,0.0000067,1.34,0.49,0.43,3.88,-7.08,2.33,14.44,-8.94,8.63,3.88,-9.08,2.33,14.44,-26.42,8.63,1
		8.77,0.23,0.00,-9.62,0.61,-2.09,0.44,0.61,-2.09,0.44,1.00,-0.08,0.06,0.09,0.97,-0.21,-0.04,0.22,0.98,0.0000080,1.59,0.37,0.55,3.91,-7.16,2.34,14.60,-9.24,8.72,3.91,-9.16,2.34,14.60,-26.80,8.72,1
		8.81,0.23,0.00,-9.62,0.61,-2.10,0.44,0.61,-2.10,0.44,1.00,-0.08,0.06,0.09,0.97,-0.21,-0.04,0.22,0.98,0.0000047,1.28,0.31,0.49,3.93,-7.25,2.36,14.76,-9.53,8.82,3.93,-9.25,2.36,14.76,-27.18,8.82,1
		8.85,0.23,-0.00,-9.63,0.61,-2.12,0.43,0.61,-2.12,0.43,1.00,-0.08,0.06,0.09,0.97,-0.21,-0.04,0.22,0.98,0.0000061,1.40,0.24,0.49,3.96,-7.33,2.38,14.93,-9.83,8.92,3.96,-9.34,2.38,14.93,-27.56,8.91,1
		8.89,0.18,0.11,-9.62,0.57,-2.01,0.42,0.57,-2.01,0.42,1.00,-0.08,0.06,0.09,0.97,-0.21,-0.04,0.22,0.97,0.0000084,1.46,0.49,0.73,3.98,-7.42,2.40,15.09,-10.14,9.02,3.98,-9.42,2.40,15.09,-27.95,9.02,1
		8.94,0.25,0.02,-9.62,0.64,-2.12,0.45,0.64,-2.12,0.45,1.00,-0.08,0.06,0.09,0.97,-0.22,-0.04,0.22,0.97,0.0000165,1.34,0.31,2.08,4.01,-7.51,2.42,15.26,-10.45,9.12,4.01,-9.51,2.42,15.26,-28.35,9.12,1
		8.98,0.23,-0.00,-9.61,0.62,-2.14,0.46,0.62,-2.14,0.46,0.99,-0.08,0.06,0.09,0.97,-0.22,-0.04,0.22,0.97,0.0000069,1.59,0.43,0.37,4.03,-7.59,2.43,15.43,-10.76,9.22,4.03,-9.60,2.43,15.43,-28.74,9.22,1
		9.02,0.20,0.05,-9.62,0.60,-2.10,0.43,0.60,-2.10,0.43,1.00,-0.08,0.06,0.09,0.97,-0.22,-0.04,0.22,0.97,0.0000070,1.46,0.24,-0.67,4.06,-7.68,2.45,15.59,-11.08,9.32,4.06,-9.68,2.45,15.59,-29.14,9.32,1
		9.06,0.23,0.00,-9.63,0.63,-2.16,0.45,0.63,-2.16,0.45,0.99,-0.08,0.06,0.09,0.97,-0.22,-0.04,0.22,0.97,0.0000058,1.46,0.31,0.24,4.08,-7.77,2.47,15.76,-11.39,9.42,4.08,-9.77,2.47,15.76,-29.53,9.42,1
		9.10,0.22,0.01,-9.62,0.61,-2.17,0.46,0.61,-2.17,0.46,0.99,-0.08,0.06,0.09,0.97,-0.22,-0.04,0.22,0.97,0.0000063,1.40,0.24,0.49,4.11,-7.86,2.49,15.93,-11.71,9.52,4.11,-9.86,2.49,15.93,-29.94,9.52,1
		9.14,0.23,0.01,-9.62,0.62,-2.17,0.45,0.62,-2.17,0.45,0.99,-0.08,0.06,0.09,0.97,-0.22,-0.04,0.23,0.97,0.0000075,1.46,0.31,0.43,4.13,-7.95,2.51,16.09,-12.04,9.62,4.13,-9.95,2.51,16.09,-30.34,9.62,1
		9.18,0.22,0.00,-9.61,0.62,-2.19,0.47,0.62,-2.19,0.47,0.99,-0.08,0.06,0.09,0.97,-0.22,-0.04,0.23,0.97,0.0000058,1.46,0.24,0.31,4.16,-8.03,2.53,16.26,-12.36,9.72,4.16,-10.04,2.53,16.26,-30.75,9.72,1
		9.22,0.29,-0.22,-9.61,0.66,-2.42,0.52,0.66,-2.42,0.52,1.00,-0.08,0.06,0.09,0.97,-0.22,-0.04,0.23,0.97,0.0000221,1.53,0.18,-2.38,4.18,-8.13,2.55,16.44,-12.70,9.83,4.18,-10.13,2.55,16.44,-31.17,9.83,1
		9.26,0.36,-0.29,-9.64,0.73,-2.51,0.52,0.73,-2.51,0.52,0.99,-0.08,0.06,0.09,0.97,-0.22,-0.04,0.23,0.97,0.0000696,1.59,0.61,4.70,4.21,-8.23,2.57,16.61,-13.03,9.93,4.21,-10.23,2.57,16.61,-31.58,9.93,1
		9.31,0.17,0.13,-9.61,0.58,-2.09,0.45,0.58,-2.09,0.45,0.99,-0.08,0.06,0.09,0.97,-0.22,-0.04,0.23,0.97,0.0000082,1.40,0.31,0.67,4.24,-8.32,2.59,16.78,-13.37,10.04,4.24,-10.33,2.59,16.78,-32.01,10.04,1
		9.35,0.22,0.01,-9.61,0.62,-2.22,0.48,0.62,-2.22,0.48,0.99,-0.08,0.06,0.10,0.97,-0.23,-0.04,0.23,0.97,0.0000071,1.46,0.31,0.55,4.26,-8.41,2.61,16.96,-13.71,10.15,4.26,-10.42,2.61,16.96,-32.43,10.15,1
		9.39,0.23,0.00,-9.61,0.63,-2.24,0.48,0.63,-2.24,0.48,0.99,-0.08,0.06,0.10,0.97,-0.23,-0.04,0.23,0.97,0.0000074,1.40,0.49,0.61,4.29,-8.50,2.63,17.13,-14.06,10.25,4.29,-10.51,2.63,17.13,-32.86,10.25,1
		9.43,0.21,0.03,-9.61,0.61,-2.22,0.47,0.61,-2.22,0.47,0.99,-0.08,0.06,0.10,0.97,-0.23,-0.04,0.23,0.97,0.0000075,1.46,0.43,0.31,4.32,-8.60,2.65,17.31,-14.41,10.36,4.32,-10.60,2.65,17.31,-33.29,10.36,1
		9.47,0.24,-0.01,-9.62,0.64,-2.28,0.48,0.64,-2.28,0.48,0.99,-0.08,0.06,0.10,0.97,-0.23,-0.04,0.23,0.97,0.0000067,1.53,0.24,0.37,4.34,-8.69,2.67,17.48,-14.76,10.47,4.34,-10.69,2.67,17.48,-33.73,10.47,1
		9.51,0.25,-0.01,-9.62,0.66,-2.29,0.49,0.66,-2.29,0.49,0.99,-0.08,0.06,0.10,0.97,-0.23,-0.04,0.23,0.97,0.0000064,1.46,0.49,0.43,4.37,-8.78,2.69,17.66,-15.12,10.58,4.37,-10.78,2.69,17.66,-34.17,10.58,1
		9.55,0.21,0.02,-9.56,0.62,-2.25,0.53,0.62,-2.25,0.53,0.99,-0.08,0.06,0.10,0.97,-0.23,-0.04,0.24,0.97,0.0000077,1.40,0.37,0.67,4.39,-8.88,2.71,17.84,-15.48,10.69,4.39,-10.88,2.71,17.84,-34.61,10.69,1
