		0.00,0.12,0.21,10.20,0.12,0.21,20.01,0.12,0.21,20.01,1.00,-0.00,0.00,0.00,1.00,-0.00,-0.00,0.00,1.00,0.0000000,0.85,0.24,0.18,0.00,2.00,0.02,0.00,0.00,0.00,0.00,0.00,0.02,0.00,0.00,0.00,1
		0.04,0.14,0.24,10.17,0.14,0.25,19.98,0.14,0.25,19.98,1.00,-0.00,0.00,0.00,1.00,-0.00,-0.00,0.00,1.00,0.0000049,1.28,0.49,0.31,0.01,2.01,0.82,0.00,0.08,0.02,0.01,0.01,0.82,0.00,0.00,0.02,1
		0.08,0.12,0.21,10.16,0.12,0.23,19.97,0.12,0.23,19.97,1.00,-0.00,0.00,0.00,1.00,-0.00,-0.00,0.00,1.00,0.0000030,0.67,0.37,0.55,0.01,2.02,1.64,0.00,0.17,0.07,0.01,0.02,1.64,0.00,0.00,0.07,1
		0.12,0.15,0.26,10.17,0.14,0.29,19.98,0.14,0.29,19.98,1.00,-0.00,0.00,0.00,1.00,-0.00,-0.00,0.00,1.00,0.0000121,2.08,0.24,0.37,0.02,2.03,2.44,0.00,0.25,0.15,0.02,0.03,2.44,0.00,0.00,0.15,1
		0.17,0.13,0.21,10.16,0.12,0.25,19.97,0.12,0.25,19.97,1.00,-0.00,0.00,0.00,1.00,-0.00,-0.00,0.00,1.00,0.0000061,1.22,0.43,0.73,0.02,2.04,3.28,0.00,0.33,0.27,0.02,0.04,3.28,0.00,0.00,0.27,1
		0.21,0.14,0.26,10.17,0.13,0.31,19.98,0.13,0.31,19.98,1.00,-0.00,0.00,0.00,1.00,-0.01,-0.00,0.01,1.00,0.0000080,1.53,0.31,0.67,0.03,2.06,4.10,0.00,0.42,0.42,0.03,0.05,4.10,0.00,0.01,0.42,1
		0.25,0.14,0.24,10.16,0.12,0.30,19.97,0.12,0.30,19.97,1.00,-0.00,0.00,0.00,1.00,-0.01,-0.00,0.01,1.00,0.0000060,1.59,0.12,0.24,0.03,2.07,4.91,0.00,0.50,0.60,0.03,0.07,4.91,0.00,0.01,0.60,1
		0.29,0.15,0.28,10.17,0.13,0.35,19.98,0.13,0.35,19.98,1.00,-0.00,0.00,0.00,1.00,-0.01,-0.00,0.01,1.00,0.0000089,1.65,0.24,0.61,0.04,2.08,5.73,0.01,0.59,0.82,0.04,0.08,5.73,0.01,0.01,0.82,1
		0.33,0.14,0.25,10.16,0.12,0.34,19.97,0.12,0.34,19.97,1.00,-0.00,0.00,0.00,1.00,-0.01,-0.00,0.01,1.00,0.0000081,1.53,0.18,0.55,0.04,2.10,6.53,0.01,0.67,1.07,0.04,0.09,6.53,0.01,0.01,1.07,1
		0.37,0.13,0.27,10.16,0.11,0.37,19.97,0.11,0.37,19.97,1.00,-0.00,0.00,0.00,1.00,-0.01,-0.00,0.01,1.00,0.0000057,1.16,0.18,0.55,0.05,2.11,7.37,0.01,0.76,1.36,0.05,0.11,7.37,0.01,0.02,1.36,1
		0.41,0.13,0.24,10.16,0.11,0.34,19.97,0.11,0.34,19.97,1.00,-0.00,0.00,0.00,1.00,-0.01,-0.00,0.01,1.00,0.0000050,1.28,0.43,0.61,0.05,2.12,8.19,0.01,0.84,1.68,0.05,0.12,8.19,0.01,0.02,1.68,1
		0.45,0.13,0.25,10.16,0.11,0.37,19.97,0.11,0.37,19.97,1.00,-0.00,0.00,0.00,1.00,-0.01,-0.00,0.01,1.00,0.0000062,1.46,0.12,0.49,0.06,2.14,8.99,0.01,0.93,2.02,0.06,0.14,8.99,0.01,0.03,2.02,1
		0.49,0.12,0.23,10.17,0.10,0.35,19.97,0.10,0.35,19.97,1.00,-0.00,0.00,0.00,1.00,-0.01,-0.00,0.01,1.00,0.0000070,1.40,0.43,0.79,0.06,2.15,9.83,0.02,1.02,2.42,0.06,0.15,9.83,0.02,0.03,2.42,1
		0.53,0.16,0.27,10.12,0.13,0.41,19.92,0.13,0.41,19.92,1.00,-0.01,0.00,0.01,1.00,-0.01,-0.00,0.01,1.00,0.0000078,1.53,-0.18,0.61,0.06,2.17,10.65,0.02,1.11,2.84,0.06,0.17,10.65,0.02,0.04,2.84,1
		0.58,0.14,0.26,10.16,0.12,0.40,19.96,0.12,0.40,19.96,1.00,-0.01,0.00,0.01,1.00,-0.01,-0.00,0.01,1.00,0.0000068,1.40,0.43,0.43,0.07,2.19,11.46,0.02,1.20,3.29,0.07,0.18,11.46,0.02,0.05,3.29,1
		0.62,0.13,0.21,10.15,0.10,0.36,19.96,0.10,0.36,19.96,1.00,-0.01,0.00,0.01,1.00,-0.01,-0.00,0.01,1.00,0.0000036,0.79,0.61,0.43,0.07,2.20,12.28,0.02,1.29,3.78,0.07,0.20,12.28,0.02,0.06,3.78,1
		0.66,0.15,0.29,10.16,0.12,0.45,19.97,0.12,0.45,19.97,1.00,-0.01,0.00,0.01,1.00,-0.02,-0.00,0.02,1.00,0.0000063,1.40,0.24,0.49,0.08,2.22,13.10,0.03,1.38,4.30,0.08,0.22,13.10,0.03,0.06,4.30,1
		0.70,0.13,0.23,10.15,0.09,0.40,19.96,0.09,0.40,19.96,1.00,-0.01,0.00,0.01,1.00,-0.02,-0.00,0.02,1.00,0.0000075,1.53,0.18,0.67,0.08,2.24,13.92,0.03,1.47,4.85,0.08,0.23,13.92,0.03,0.07,4.85,1
		0.74,0.14,0.25,10.16,0.11,0.43,19.96,0.11,0.43,19.96,1.00,-0.01,0.00,0.01,1.00,-0.02,-0.00,0.02,1.00,0.0000060,1.28,0.24,0.67,0.09,2.25,14.74,0.03,1.56,5.44,0.09,0.25,14.74,0.03,0.08,5.44,1
		0.78,0.12,0.23,10.16,0.09,0.43,19.96,0.09,0.43,19.96,1.00,-0.01,0.00,0.01,1.00,-0.02,-0.00,0.02,1.00,0.0000065,1.40,0.43,0.49,0.09,2.27,15.55,0.04,1.65,6.06,0.09,0.27,15.55,0.04,0.09,6.06,1
		0.82,0.15,0.27,10.17,0.11,0.47,19.97,0.11,0.47,19.97,1.00,-0.01,0.00,0.01,1.00,-0.02,-0.00,0.02,1.00,0.0000067,1.34,0.43,0.49,0.09,2.29,16.37,0.04,1.75,6.71,0.09,0.29,16.37,0.04,0.11,6.71,1
		0.86,0.12,0.24,10.15,0.08,0.45,19.95,0.08,0.45,19.95,1.00,-0.01,0.00,0.01,1.00,-0.02,-0.00,0.02,1.00,0.0000048,1.22,0.24,0.61,0.10,2.31,17.19,0.04,1.84,7.40,0.10,0.30,17.19,0.04,0.12,7.40,1
		0.90,0.13,0.25,10.15,0.09,0.47,19.95,0.09,0.47,19.95,1.00,-0.01,0.00,0.01,1.00,-0.02,-0.00,0.02,1.00,0.0000073,1.46,0.24,0.61,0.10,2.33,18.01,0.05,1.94,8.12,0.10,0.32,18.01,0.05,0.13,8.12,1
		0.94,0.12,0.23,10.15,0.07,0.45,19.96,0.07,0.45,19.96,1.00,-0.01,0.01,0.01,1.00,-0.02,-0.00,0.02,1.00,0.0000058,1.10,0.37,0.55,0.10,2.35,18.83,0.05,2.03,8.88,0.10,0.34,18.83,0.05,0.14,8.88,1
		0.99,0.13,0.24,10.14,0.08,0.48,19.94,0.08,0.48,19.94,1.00,-0.01,0.01,0.01,1.00,-0.02,-0.01,0.02,1.00,0.0000076,1.28,0.67,0.85,0.11,2.36,19.65,0.06,2.13,9.67,0.11,0.36,19.65,0.06,0.16,9.67,1
		1.03,0.12,0.24,10.16,0.07,0.49,19.97,0.07,0.49,19.97,1.00,-0.01,0.01,0.01,1.00,-0.02,-0.01,0.02,1.00,0.0000059,1.65,0.06,0.12,0.11,2.38,20.46,0.06,2.23,10.49,0.11,0.38,20.46,0.06,0.17,10.49,1
		1.07,0.13,0.24,10.16,0.08,0.51,19.96,0.08,0.51,19.96,1.00,-0.01,0.01,0.01,1.00,-0.03,-0.01,0.03,1.00,0.0000069,1.83,0.00,0.31,0.11,2.41,21.28,0.07,2.32,11.35,0.11,0.40,21.28,0.07,0.19,11.35,1
		1.11,0.13,0.27,10.15,0.07,0.54,19.95,0.07,0.54,19.95,1.00,-0.01,0.01,0.01,1.00,-0.03,-0.01,0.03,1.00,0.0000073,1.65,0.43,0.61,0.12,2.43,22.10,0.07,2.42,12.24,0.12,0.42,22.10,0.07,0.21,12.24,1
		1.15,0.13,0.26,10.16,0.07,0.55,19.96,0.07,0.55,19.96,1.00,-0.01,0.01,0.01,1.00,-0.03,-0.01,0.03,1.00,0.0000064,1.46,0.24,0.43,0.12,2.45,22.92,0.08,2.52,13.16,0.12,0.45,22.92,0.08,0.22,13.16,1
		1.19,0.14,0.24,10.14,0.08,0.53,19.94,0.08,0.53,19.94,1.00,-0.01,0.01,0.01,1.00,-0.03,-0.01,0.03,1.00,0.0000068,1.34,0.49,0.79,0.12,2.47,23.74,0.08,2.62,14.12,0.12,0.47,23.74,0.08,0.24,14.12,1
		1.23,0.13,0.24,10.16,0.07,0.55,19.96,0.07,0.55,19.96,1.00,-0.01,0.01,0.01,1.00,-0.03,-0.01,0.03,1.00,0.0000060,1.34,0.06,0.61,0.13,2.49,24.56,0.09,2.73,15.11,0.13,0.49,24.56,0.09,0.26,15.11,1
		1.27,0.13,0.23,10.16,0.07,0.55,19.96,0.07,0.55,19.96,1.00,-0.01,0.01,0.01,1.00,-0.03,-0.01,0.03,1.00,0.0000051,1.22,0.31,0.43,0.13,2.52,25.37,0.09,2.83,16.13,0.13,0.51,25.37,0.09,0.28,16.13,1
		1.31,0.14,0.25,10.15,0.08,0.57,19.95,0.08,0.57,19.95,1.00,-0.01,0.01,0.01,1.00,-0.03,-0.01,0.03,1.00,0.0000057,1.53,0.00,0.55,0.13,2.54,26.19,0.10,2.93,17.19,0.13,0.54,26.19,0.10,0.30,17.19,1
		1.35,0.13,0.24,10.15,0.19,0.57,19.95,0.19,0.57,19.95,1.00,-0.01,-0.00,0.01,1.00,-0.03,0.00,0.03,1.00,0.0006979,1.71,-15.56,0.67,0.14,2.56,27.01,0.10,3.04,18.28,0.14,0.56,27.01,0.10,0.33,18.28,1
		1.40,0.13,0.24,10.15,0.18,0.58,19.95,0.18,0.58,19.95,1.00,-0.01,-0.00,0.01,1.00,-0.03,0.00,0.03,1.00,0.0000066,1.46,0.37,0.55,0.15,2.59,27.83,0.11,3.14,19.40,0.15,0.58,27.83,0.11,0.35,19.40,1
		1.44,0.14,0.25,10.17,0.19,0.60,19.96,0.19,0.60,19.96,1.00,-0.01,-0.00,0.01,1.00,-0.04,0.00,0.04,1.00,0.0000050,1.10,0.24,0.61,0.15,2.61,28.65,0.11,3.25,20.56,0.15,0.61,28.65,0.11,0.37,20.56,1
		1.48,0.12,0.22,10.14,0.17,0.58,19.94,0.17,0.58,19.94,1.00,-0.01,-0.00,0.01,1.00,-0.04,0.00,0.04,1.00,0.0000062,1.34,0.24,0.55,0.16,2.63,29.44,0.12,3.35,21.72,0.16,0.63,29.44,0.12,0.40,21.72,1
		1.52,0.14,0.25,10.15,0.18,0.63,19.94,0.18,0.63,19.94,1.00,-0.01,-0.00,0.01,1.00,-0.04,0.00,0.04,1.00,0.0000063,1.34,0.37,0.37,0.17,2.66,30.28,0.13,3.47,22.97,0.17,0.66,30.28,0.13,0.43,22.97,1
		1.56,0.14,0.25,10.15,0.18,0.64,19.94,0.18,0.64,19.94,1.00,-0.01,-0.00,0.01,1.00,-0.04,0.00,0.04,1.00,0.0000060,1.59,0.24,0.24,0.17,2.68,31.08,0.13,3.57,24.20,0.17,0.68,31.08,0.13,0.45,24.20,1
		1.60,0.13,0.23,10.15,0.17,0.63,19.94,0.17,0.63,19.94,1.00,-0.01,-0.00,0.01,1.00,-0.04,0.00,0.04,1.00,0.0000072,1.40,0.43,0.37,0.18,2.71,31.92,0.14,3.69,25.52,0.18,0.71,31.92,0.14,0.48,25.52,1
		1.64,0.14,0.24,10.16,0.18,0.65,19.95,0.18,0.65,19.95,1.00,-0.02,-0.00,0.02,1.00,-0.04,0.00,0.04,1.00,0.0000060,1.46,0.24,0.55,0.19,2.74,32.73,0.15,3.80,26.85,0.19,0.73,32.73,0.15,0.51,26.85,1
		1.68,0.13,0.23,10.16,0.17,0.64,19.95,0.17,0.64,19.95,1.00,-0.02,-0.00,0.02,1.00,-0.04,0.00,0.04,1.00,0.0000051,1.10,0.12,0.55,0.20,2.76,33.55,0.16,3.91,28.21,0.20,0.76,33.55,0.16,0.54,28.21,1
		1.72,0.13,0.24,10.15,0.17,0.66,19.95,0.17,0.66,19.95,1.00,-0.02,-0.00,0.02,1.00,-0.04,0.00,0.04,1.00,0.0000057,1.16,0.37,0.55,0.20,2.79,34.37,0.17,4.02,29.60,0.20,0.79,34.37,0.17,0.57,29.60,1
		1.76,0.13,0.25,10.15,0.17,0.68,19.94,0.17,0.68,19.94,1.00,-0.02,-0.00,0.02,1.00,-0.04,0.00,0.04,1.00,0.0000107,1.77,0.31,0.49,0.21,2.82,35.19,0.17,4.14,31.03,0.21,0.82,35.19,0.17,0.61,31.03,1
		1.80,0.12,0.22,10.14,0.15,0.66,19.93,0.15,0.66,19.93,1.00,-0.02,-0.00,0.02,1.00,-0.04,0.00,0.04,1.00,0.0000050,0.92,0.55,0.67,0.22,2.84,35.99,0.18,4.25,32.45,0.22,0.84,35.99,0.18,0.64,32.45,1
		1.85,0.14,0.24,10.14,0.16,0.69,19.93,0.16,0.69,19.93,1.00,-0.02,-0.00,0.02,1.00,-0.04,0.00,0.04,1.00,0.0000051,1.04,0.24,0.31,0.22,2.87,36.82,0.19,4.37,33.98,0.22,0.87,36.82,0.19,0.68,33.98,1
		1.89,0.13,0.24,10.15,0.16,0.70,19.94,0.16,0.70,19.94,1.00,-0.02,-0.00,0.02,1.00,-0.05,0.00,0.05,1.00,0.0000062,1.40,0.43,0.31,0.23,2.90,37.62,0.20,4.49,35.47,0.23,0.90,37.62,0.20,0.71,35.47,1
		1.93,0.13,0.24,10.15,0.16,0.71,19.94,0.16,0.71,19.94,1.00,-0.02,-0.00,0.02,1.00,-0.05,0.00,0.05,1.00,0.0000063,1.53,0.12,0.43,0.24,2.93,38.46,0.21,4.61,37.07,0.24,0.93,38.46,0.21,0.75,37.07,1
		1.97,0.14,0.24,10.15,0.16,0.72,19.94,0.16,0.72,19.94,1.00,-0.02,-0.00,0.02,1.00,-0.05,0.00,0.05,1.00,0.0000054,1.04,0.49,0.49,0.24,2.96,39.27,0.22,4.73,38.66,0.24,0.96,39.27,0.22,0.79,38.66,1
		2.01,0.13,0.23,10.14,0.15,0.72,19.93,0.15,0.72,19.93,1.00,-0.02,-0.00,0.02,1.00,-0.05,0.00,0.05,1.00,0.0000049,1.16,0.31,0.49,0.25,2.99,40.09,0.23,4.85,40.29,0.25,0.99,40.09,0.23,0.83,40.29,1
		2.05,0.13,0.23,10.15,0.14,0.73,19.94,0.14,0.73,19.94,1.00,-0.02,-0.00,0.02,1.00,-0.05,0.00,0.05,1.00,0.0000056,1.28,0.43,0.43,0.26,3.02,40.91,0.24,4.98,41.95,0.26,1.02,40.91,0.24,0.87,41.95,1
		2.09,0.14,0.23,10.15,0.15,0.74,19.94,0.15,0.74,19.94,1.00,-0.02,0.00,0.02,1.00,-0.05,0.00,0.05,1.00,0.0000080,1.40,0.73,0.61,0.26,3.05,41.71,0.25,5.10,43.60,0.26,1.05,41.71,0.25,0.91,43.60,1
		2.13,0.15,0.25,10.15,0.16,0.76,19.93,0.16,0.76,19.93,1.00,-0.02,0.00,0.02,1.00,-0.05,0.00,0.05,1.00,0.0000032,0.67,0.12,0.73,0.27,3.08,42.52,0.26,5.22,45.33,0.27,1.08,42.52,0.26,0.95,45.33,1
		2.17,0.15,0.27,10.15,0.16,0.79,19.93,0.16,0.79,19.93,1.00,-0.02,0.00,0.02,1.00,-0.05,0.00,0.05,1.00,0.0000071,1.59,0.24,0.31,0.27,3.11,43.36,0.27,5.35,47.13,0.27,1.11,43.36,0.27,1.00,47.13,1
		2.22,0.14,0.25,10.14,0.15,0.78,19.93,0.15,0.78,19.93,1.00,-0.02,0.00,0.02,1.00,-0.05,0.00,0.05,1.00,0.0000048,1.10,0.24,0.67,0.28,3.14,44.18,0.28,5.48,48.92,0.28,1.14,44.18,0.28,1.05,48.92,1
		2.26,0.13,0.23,10.13,0.14,0.77,19.92,0.14,0.77,19.92,1.00,-0.02,0.00,0.02,1.00,-0.05,0.00,0.05,1.00,0.0000127,1.46,0.12,1.34,0.29,3.17,44.97,0.30,5.61,50.71,0.29,1.17,44.97,0.30,1.09,50.71,1
		2.30,0.14,0.28,10.15,0.14,0.83,19.93,0.14,0.83,19.93,1.00,-0.02,0.00,0.02,1.00,-0.05,0.00,0.05,1.00,0.0000085,1.34,0.18,1.10,0.29,3.21,45.81,0.31,5.74,52.61,0.29,1.21,45.81,0.31,1.14,52.61,1
		2.34,0.14,0.25,10.14,0.14,0.82,19.92,0.14,0.82,19.92,1.00,-0.02,0.00,0.02,1.00,-0.06,0.00,0.06,1.00,0.0000160,2.20,-0.12,0.24,0.30,3.24,46.63,0.32,5.87,54.51,0.30,1.24,46.63,0.32,1.19,54.51,1
		2.38,0.11,0.20,10.16,0.11,0.77,19.94,0.11,0.77,19.94,1.00,-0.02,0.00,0.02,1.00,-0.06,-0.00,0.06,1.00,0.0000030,0.61,0.79,0.31,0.30,3.27,47.45,0.33,6.01,56.44,0.30,1.27,47.45,0.33,1.24,56.44,1
		2.42,0.16,0.27,10.13,0.16,0.85,19.91,0.16,0.85,19.91,1.00,-0.02,0.00,0.02,1.00,-0.06,-0.00,0.06,1.00,0.0000056,0.98,0.12,0.24,0.31,3.31,48.26,0.35,6.14,58.40,0.31,1.30,48.26,0.35,1.30,58.40,1
		2.46,0.12,0.22,10.15,0.12,0.81,19.93,0.12,0.81,19.93,1.00,-0.02,0.00,0.02,1.00,-0.06,-0.00,0.06,1.00,0.0000088,1.71,0.31,0.24,0.31,3.34,49.08,0.36,6.28,60.39,0.31,1.34,49.08,0.36,1.35,60.39,1
		2.50,0.15,0.28,10.14,0.15,0.87,19.92,0.15,0.87,19.92,1.00,-0.02,0.00,0.02,1.00,-0.06,-0.00,0.06,1.00,0.0000054,1.22,0.12,0.43,0.32,3.38,49.90,0.37,6.42,62.42,0.32,1.37,49.90,0.37,1.41,62.42,1
		2.54,0.12,0.22,10.14,0.12,0.83,19.92,0.12,0.83,19.92,1.00,-0.02,0.00,0.02,1.00,-0.06,-0.00,0.06,1.00,0.0000065,1.40,0.18,0.31,0.33,3.41,50.71,0.38,6.56,64.49,0.33,1.41,50.71,0.38,1.46,64.49,1
		2.58,0.14,0.25,10.14,0.14,0.87,19.92,0.14,0.87,19.92,1.00,-0.02,0.00,0.02,1.00,-0.06,-0.00,0.06,1.00,0.0000057,1.34,0.18,0.24,0.33,3.45,51.53,0.40,6.70,66.58,0.33,1.44,51.53,0.40,1.52,66.58,1
		2.63,0.13,0.23,10.17,0.12,0.86,19.94,0.12,0.86,19.94,1.00,-0.02,0.00,0.02,1.00,-0.06,-0.00,0.06,1.00,0.0000067,1.71,0.43,0.18,0.34,3.48,52.35,0.41,6.84,68.71,0.34,1.48,52.35,0.41,1.58,68.71,1
		2.67,0.14,0.21,10.14,0.14,0.86,19.92,0.14,0.86,19.92,1.00,-0.02,0.00,0.02,1.00,-0.06,-0.00,0.06,1.00,0.0000047,1.65,0.18,0.00,0.34,3.52,53.16,0.43,6.98,70.87,0.34,1.51,53.16,0.43,1.64,70.87,1
		2.71,0.13,0.24,10.15,0.12,0.89,19.93,0.12,0.89,19.93,1.00,-0.02,0.00,0.02,1.00,-0.06,-0.00,0.06,1.00,0.0000028,0.67,0.24,0.61,0.35,3.55,53.96,0.44,7.12,73.02,0.35,1.55,53.96,0.44,1.70,73.02,1
		2.75,0.13,0.23,10.15,0.12,0.88,19.93,0.12,0.88,19.93,1.00,-0.02,0.00,0.02,1.00,-0.07,-0.00,0.07,1.00,0.0000050,1.28,0.31,0.43,0.35,3.59,54.80,0.45,7.27,75.30,0.35,1.59,54.80,0.45,1.77,75.30,1
		2.79,0.15,0.28,10.13,0.14,0.94,19.90,0.14,0.94,19.90,1.00,-0.02,0.00,0.02,1.00,-0.07,-0.00,0.07,1.00,0.0000054,1.04,0.24,0.49,0.36,3.63,55.61,0.47,7.42,77.56,0.36,1.62,55.61,0.47,1.84,77.56,1
		2.83,0.13,0.25,10.15,0.12,0.92,19.92,0.12,0.92,19.92,1.00,-0.02,0.00,0.03,1.00,-0.07,-0.00,0.07,1.00,0.0000048,1.34,0.12,0.55,0.36,3.66,56.41,0.48,7.57,79.80,0.36,1.66,56.41,0.48,1.90,79.80,1
		2.87,0.13,0.24,10.15,0.11,0.93,19.92,0.11,0.93,19.92,1.00,-0.03,0.00,0.03,1.00,-0.07,-0.00,0.07,1.00,0.0000061,1.53,0.49,0.49,0.37,3.70,57.23,0.50,7.72,82.13,0.37,1.70,57.23,0.50,1.97,82.13,1
		2.91,0.13,0.25,10.14,0.11,0.95,19.91,0.11,0.95,19.91,1.00,-0.03,0.00,0.03,1.00,-0.07,-0.00,0.07,1.00,0.0000071,1.46,0.31,0.55,0.37,3.74,58.04,0.51,7.87,84.50,0.37,1.74,58.04,0.51,2.04,84.50,1
		2.95,0.13,0.21,10.16,0.11,0.92,19.93,0.11,0.92,19.93,1.00,-0.03,0.00,0.03,1.00,-0.07,-0.00,0.07,1.00,0.0000079,1.53,0.55,0.79,0.38,3.78,58.86,0.53,8.02,86.89,0.38,1.77,58.86,0.53,2.11,86.89,1
		2.99,0.16,0.29,10.14,0.14,1.01,19.90,0.14,1.01,19.90,1.00,-0.03,0.00,0.03,1.00,-0.07,-0.00,0.07,1.00,0.0000051,1.22,0.31,0.85,0.38,3.82,59.68,0.54,8.18,89.32,0.38,1.81,59.68,0.54,2.19,89.32,1
		3.04,0.12,0.23,10.15,0.10,0.96,19.92,0.10,0.96,19.92,1.00,-0.03,0.00,0.03,1.00,-0.07,-0.00,0.07,1.00,0.0000063,1.40,0.12,0.24,0.39,3.86,60.51,0.56,8.34,91.85,0.39,1.86,60.51,0.56,2.26,91.85,1
		3.08,0.15,0.26,10.13,0.12,1.00,19.90,0.12,1.00,19.90,1.00,-0.03,0.01,0.03,1.00,-0.07,-0.00,0.07,1.00,0.0000078,1.53,0.18,0.31,0.39,3.90,61.33,0.58,8.50,94.35,0.39,1.90,61.33,0.58,2.34,94.35,1
		3.12,0.14,0.22,10.14,0.11,0.96,19.91,0.11,0.96,19.91,1.00,-0.03,0.01,0.03,1.00,-0.07,-0.00,0.07,1.00,0.0000052,1.04,0.55,0.12,0.40,3.94,62.13,0.59,8.66,96.81,0.40,1.93,62.13,0.59,2.42,96.81,1
		3.16,0.14,0.25,10.15,0.11,1.00,19.91,0.11,1.00,19.91,1.00,-0.03,0.01,0.03,1.00,-0.07,-0.00,0.07,1.00,0.0000079,1.46,0.43,0.55,0.40,3.98,62.96,0.61,8.82,99.44,0.40,1.98,62.96,0.61,2.50,99.44,1
		3.20,0.13,0.26,10.11,0.10,1.02,19.88,0.10,1.02,19.88,1.00,-0.03,0.01,0.03,1.00,-0.08,-0.00,0.08,1.00,0.0000115,1.77,0.06,0.49,0.40,4.02,63.76,0.62,8.98,101.98,0.40,2.02,63.76,0.62,2.58,101.98,1
		3.24,0.12,0.23,10.15,0.09,1.01,19.91,0.09,1.01,19.91,1.00,-0.03,0.01,0.03,1.00,-0.08,-0.00,0.08,1.00,0.0000075,1.40,0.37,0.73,0.41,4.06,64.59,0.64,9.15,104.67,0.41,2.06,64.59,0.64,2.67,104.67,1
		3.28,0.15,0.25,10.15,0.12,1.03,19.91,0.12,1.03,19.91,1.00,-0.03,0.01,0.03,1.00,-0.08,-0.00,0.08,1.00,0.0000051,1.04,0.06,0.61,0.41,4.10,65.41,0.66,9.32,107.34,0.41,2.10,65.41,0.66,2.75,107.34,1
		3.32,0.13,0.25,10.16,0.10,1.05,19.92,0.10,1.05,19.92,1.00,-0.03,0.01,0.03,1.00,-0.08,-0.00,0.08,1.00,0.0000070,1.65,0.12,0.31,0.42,4.15,66.21,0.67,9.48,109.97,0.42,2.14,66.21,0.67,2.84,109.97,1
		3.36,0.13,0.24,10.14,0.10,1.05,19.90,0.10,1.05,19.90,1.00,-0.03,0.01,0.03,1.00,-0.08,-0.00,0.08,1.00,0.0000047,1.34,0.24,0.31,0.42,4.19,67.04,0.69,9.66,112.77,0.42,2.19,67.04,0.69,2.93,112.77,1
		3.40,0.14,0.24,10.13,0.10,1.05,19.88,0.10,1.05,19.88,1.00,-0.03,0.01,0.03,1.00,-0.08,-0.00,0.08,1.00,0.0000066,1.59,0.24,0.37,0.43,4.23,67.84,0.71,9.83,115.46,0.43,2.23,67.84,0.71,3.01,115.46,1
		3.45,0.14,0.23,10.15,0.10,1.06,19.91,0.10,1.06,19.91,1.00,-0.03,0.01,0.03,1.00,-0.08,-0.00,0.08,1.00,0.0000053,1.22,0.18,0.67,0.43,4.28,68.67,0.73,10.01,118.33,0.43,2.27,68.67,0.73,3.11,118.33,1
		3.49,0.14,0.25,10.13,0.10,1.09,19.88,0.10,1.09,19.88,1.00,-0.03,0.01,0.03,1.00,-0.08,-0.00,0.08,1.00,0.0000091,1.71,0.06,0.55,0.43,4.32,69.49,0.74,10.18,121.16,0.43,2.32,69.49,0.74,3.20,121.16,1
		3.53,0.13,0.22,10.17,0.09,1.07,19.93,0.09,1.07,19.93,1.00,-0.03,0.01,0.03,1.00,-0.08,-0.00,0.08,1.00,0.0000077,1.40,0.43,0.61,0.44,4.36,70.31,0.76,10.36,124.03,0.44,2.36,70.31,0.76,3.30,124.03,1
		3.57,0.14,0.24,10.14,0.09,1.10,19.89,0.09,1.10,19.89,1.00,-0.03,0.01,0.03,1.00,-0.08,-0.00,0.09,1.00,0.0000048,1.22,0.24,0.61,0.44,4.41,71.12,0.78,10.54,126.93,0.44,2.41,71.12,0.78,3.40,126.93,1
		3.61,0.12,0.22,10.14,0.08,1.09,19.90,0.08,1.09,19.90,1.00,-0.03,0.01,0.03,1.00,-0.09,-0.00,0.09,1.00,0.0000032,1.16,0.00,0.55,0.44,4.45,71.94,0.80,10.72,129.86,0.44,2.45,71.94,0.80,3.50,129.86,1
		3.65,0.14,0.24,10.14,0.10,1.11,19.89,0.10,1.11,19.89,1.00,-0.03,0.01,0.03,1.00,-0.09,-0.01,0.09,1.00,0.0000072,1.40,0.31,0.55,0.45,4.50,72.75,0.82,10.91,132.83,0.45,2.50,72.75,0.82,3.60,132.83,1
		3.69,0.13,0.23,10.14,0.09,1.11,19.89,0.09,1.11,19.89,1.00,-0.03,0.01,0.03,1.00,-0.09,-0.01,0.09,1.00,0.0000053,0.92,0.61,0.24,0.45,4.54,73.57,0.84,11.09,135.83,0.45,2.54,73.57,0.84,3.70,135.83,1
		3.73,0.14,0.25,10.14,0.10,1.14,19.89,0.10,1.14,19.89,1.00,-0.03,0.01,0.03,1.00,-0.09,-0.01,0.09,1.00,0.0000067,1.04,0.37,-0.37,0.46,4.59,74.38,0.85,11.28,138.86,0.46,2.59,74.38,0.85,3.81,138.86,1
		3.77,0.14,0.24,10.14,0.09,1.14,19.89,0.09,1.14,19.89,1.00,-0.03,0.01,0.03,1.00,-0.09,-0.01,0.09,1.00,0.0000114,1.83,0.12,0.06,0.46,4.64,75.20,0.87,11.47,141.93,0.46,2.63,75.20,0.87,3.91,141.93,1
		3.81,0.14,0.25,10.15,0.09,1.17,19.89,0.09,1.17,19.89,1.00,-0.03,0.01,0.03,1.00,-0.09,-0.01,0.09,1.00,0.0000085,1.59,0.61,0.55,0.46,4.68,76.01,0.89,11.66,145.03,0.46,2.68,76.01,0.89,4.02,145.03,1
		3.86,0.15,0.25,10.15,0.09,1.18,19.90,0.09,1.18,19.90,1.00,-0.03,0.01,0.03,1.00,-0.09,-0.01,0.09,1.00,0.0000035,1.28,0.00,0.43,0.47,4.73,76.83,0.91,11.85,148.16,0.47,2.73,76.83,0.91,4.13,148.16,1
		3.90,0.15,0.24,10.13,0.09,1.17,19.88,0.09,1.17,19.88,1.00,-0.03,0.01,0.03,1.00,-0.09,-0.01,0.09,1.00,0.0000035,0.98,0.00,0.55,0.47,4.78,77.65,0.93,12.05,151.33,0.47,2.78,77.65,0.93,4.25,151.33,1
		3.94,0.14,0.24,10.14,0.09,1.19,19.89,0.09,1.19,19.89,1.00,-0.03,0.01,0.03,1.00,-0.09,-0.01,0.09,1.00,0.0000089,1.65,0.12,0.61,0.47,4.83,78.46,0.95,12.24,154.53,0.47,2.83,78.46,0.95,4.36,154.53,1
		3.98,0.14,0.24,10.15,0.08,1.20,19.90,0.08,1.20,19.90,1.00,-0.03,0.01,0.03,0.99,-0.09,-0.01,0.09,1.00,0.0000072,1.40,0.37,0.43,0.48,4.88,79.28,0.97,12.44,157.76,0.48,2.88,79.28,0.97,4.48,157.76,1
		4.02,0.13,0.25,10.13,0.08,1.21,19.87,0.08,1.21,19.87,1.00,-0.03,0.01,0.03,0.99,-0.10,-0.01,0.10,1.00,0.0000051,1.10,0.43,0.67,0.48,4.93,80.09,0.99,12.64,161.03,0.48,2.92,80.09,0.99,4.60,161.03,1
		4.06,0.14,0.25,10.14,0.08,1.22,19.88,0.08,1.22,19.88,1.00,-0.03,0.01,0.04,0.99,-0.10,-0.01,0.10,1.00,0.0000057,1.16,0.18,0.55,0.48,4.98,80.91,1.01,12.85,164.33,0.48,2.97,80.91,1.01,4.72,164.33,1
		4.10,0.15,0.26,10.14,0.09,1.24,19.88,0.09,1.24,19.88,1.00,-0.03,0.01,0.04,0.99,-0.10,-0.01,0.10,1.00,0.0000096,1.65,0.24,0.49,0.49,5.03,81.72,1.03,13.05,167.66,0.49,3.02,81.72,1.03,4.84,167.66,1
		4.14,0.14,0.21,10.14,0.07,1.20,19.88,0.07,1.20,19.88,1.00,-0.04,0.01,0.04,0.99,-0.10,-0.01,0.10,1.00,0.0000047,1.28,0.31,0.49,0.49,5.08,82.54,1.05,13.26,171.03,0.49,3.07,82.54,1.05,4.97,171.03,1
		4.18,0.15,0.26,10.14,0.08,1.26,19.87,0.08,1.26,19.87,1.00,-0.04,0.01,0.04,0.99,-0.10,-0.01,0.10,1.00,0.0000049,1.34,0.31,0.43,0.49,5.13,83.35,1.07,13.47,174.43,0.49,3.12,83.35,1.07,5.09,174.43,1
		4.22,0.13,0.23,10.14,0.07,1.24,19.88,0.07,1.24,19.88,1.00,-0.04,0.01,0.04,0.99,-0.10,-0.01,0.10,0.99,0.0000053,1.16,0.06,0.49,0.50,5.18,84.17,1.09,13.68,177.86,0.50,3.18,84.17,1.09,5.22,177.86,1
		4.27,0.15,0.26,10.15,0.08,1.28,19.88,0.08,1.28,19.88,1.00,-0.04,0.01,0.04,0.99,-0.10,-0.01,0.10,0.99,0.0000055,1.16,0.24,0.43,0.50,5.23,84.98,1.11,13.89,181.33,0.50,3.23,84.98,1.11,5.35,181.33,1
		4.31,0.13,0.24,10.14,0.07,1.26,19.88,0.07,1.26,19.88,1.00,-0.04,0.01,0.04,0.99,-0.10,-0.01,0.10,0.99,0.0000033,0.98,0.31,0.00,0.50,5.28,85.80,1.13,14.11,184.83,0.50,3.28,85.80,1.13,5.49,184.83,1
		4.35,0.15,0.25,10.42,0.08,1.31,20.15,0.08,1.31,20.15,1.00,-0.03,0.01,0.04,0.99,-0.10,-0.01,0.10,0.99,0.0000164,1.46,0.12,-1.83,0.51,5.34,86.62,1.15,14.33,188.37,0.51,3.33,86.62,1.15,5.62,188.37,1
		4.39,0.14,0.22,10.14,0.06,1.27,19.87,0.06,1.27,19.87,1.00,-0.03,0.01,0.04,0.99,-0.10,-0.01,0.10,0.99,0.0000070,1.53,0.43,0.37,0.51,5.39,87.44,1.17,14.55,191.93,0.51,3.39,87.44,1.17,5.76,191.93,1
		4.43,0.14,0.24,10.15,0.07,1.29,19.88,0.07,1.29,19.88,1.00,-0.04,0.01,0.04,0.99,-0.10,-0.01,0.10,0.99,0.0000056,0.98,0.49,0.49,0.51,5.44,88.25,1.19,14.77,195.54,0.51,3.44,88.25,1.19,5.90,195.54,1
		4.47,0.16,0.25,10.14,0.08,1.31,19.87,0.08,1.31,19.87,1.00,-0.04,0.01,0.04,0.99,-0.11,-0.01,0.11,0.99,0.0000091,1.65,0.43,0.67,0.52,5.49,89.05,1.21,14.99,199.08,0.52,3.49,89.05,1.21,6.04,199.08,1
		4.51,0.14,0.24,10.13,0.07,1.31,19.86,0.07,1.31,19.86,1.00,-0.04,0.01,0.04,0.99,-0.11,-0.01,0.11,0.99,0.0000084,1.04,0.43,1.28,0.52,5.55,89.88,1.23,15.22,202.84,0.52,3.55,89.88,1.23,6.19,202.84,1
		4.55,0.14,0.27,10.14,0.07,1.35,19.87,0.07,1.35,19.87,1.00,-0.04,0.01,0.04,0.99,-0.11,-0.01,0.11,0.99,0.0000070,1.46,-0.12,0.67,0.52,5.60,90.70,1.26,15.45,206.54,0.52,3.60,90.70,1.26,6.33,206.54,1
		4.59,0.14,0.24,10.15,0.06,1.33,19.88,0.06,1.33,19.88,1.00,-0.04,0.01,0.04,0.99,-0.11,-0.01,0.11,0.99,0.0000073,1.34,0.37,0.85,0.52,5.66,91.51,1.28,15.68,210.28,0.52,3.65,91.51,1.28,6.48,210.28,1
		4.63,0.15,0.27,10.14,0.07,1.37,19.86,0.07,1.37,19.86,1.00,-0.04,0.01,0.04,0.99,-0.11,-0.01,0.11,0.99,0.0000121,1.89,0.06,0.79,0.53,5.71,92.33,1.30,15.91,214.05,0.53,3.71,92.33,1.30,6.63,214.05,1
		4.68,0.12,0.23,10.14,0.04,1.35,19.86,0.04,1.35,19.86,1.00,-0.04,0.01,0.04,0.99,-0.11,-0.01,0.11,0.99,0.0000070,1.34,0.37,0.49,0.53,5.77,93.14,1.32,16.15,217.85,0.53,3.77,93.14,1.32,6.79,217.85,1
		4.72,0.14,0.24,10.14,0.05,1.36,19.87,0.05,1.36,19.87,1.00,-0.04,0.01,0.04,0.99,-0.11,-0.01,0.11,0.99,0.0000059,1.10,0.37,1.04,0.53,5.82,93.95,1.34,16.38,221.68,0.53,3.82,93.95,1.34,6.94,221.68,1
		4.76,0.15,0.26,10.15,0.06,1.39,19.87,0.06,1.39,19.87,1.00,-0.04,0.01,0.04,0.99,-0.11,-0.01,0.11,0.99,0.0000113,2.01,0.24,0.67,0.53,5.88,94.77,1.36,16.62,225.55,0.53,3.88,94.77,1.36,7.10,225.55,1
		4.80,0.14,0.25,10.14,0.05,1.40,19.85,0.05,1.40,19.85,1.00,-0.04,0.01,0.04,0.99,-0.11,-0.01,0.11,0.99,0.0000111,1.53,0.55,1.16,0.54,5.94,95.58,1.39,16.87,229.45,0.54,3.94,95.58,1.39,7.26,229.45,1
		4.84,0.14,0.24,10.13,0.05,1.39,19.85,0.05,1.39,19.85,1.00,-0.04,0.01,0.04,0.99,-0.11,-0.01,0.11,0.99,0.0000000,0.73,-0.24,0.31,0.54,6.00,96.40,1.41,17.11,233.39,0.54,3.99,96.40,1.41,7.42,233.39,1
		4.88,0.14,0.25,10.15,0.05,1.41,19.86,0.05,1.41,19.86,1.00,-0.04,0.01,0.04,0.99,-0.12,-0.01,0.12,0.99,0.0000065,1.59,0.43,0.43,0.54,6.05,97.21,1.43,17.36,237.36,0.54,4.05,97.21,1.43,7.59,237.36,1
		4.92,0.13,0.23,10.13,0.04,1.41,19.84,0.04,1.41,19.84,1.00,-0.04,0.01,0.04,0.99,-0.12,-0.01,0.12,0.99,0.0000053,1.22,0.18,0.67,0.54,6.11,98.02,1.45,17.61,241.36,0.54,4.11,98.02,1.45,7.75,241.36,1
		4.96,0.14,0.26,10.14,0.05,1.45,19.85,0.05,1.45,19.85,1.00,-0.04,0.02,0.04,0.99,-0.12,-0.01,0.12,0.99,0.0000075,1.53,0.24,0.55,0.54,6.17,98.84,1.47,17.86,245.40,0.54,4.17,98.84,1.47,7.92,245.40,1
		5.00,0.13,0.24,10.15,0.03,1.43,19.87,0.03,1.43,19.87,1.00,-0.04,0.02,0.04,0.99,-0.12,-0.01,0.12,0.99,0.0000055,1.10,0.18,0.67,0.54,6.23,99.65,1.50,18.11,249.47,0.54,4.23,99.65,1.50,8.10,249.47,1
		5.04,0.15,0.27,10.15,0.06,1.48,19.86,0.06,1.48,19.86,1.00,-0.04,0.02,0.04,0.99,-0.12,-0.01,0.12,0.99,0.0000137,2.14,0.12,0.18,0.55,6.29,100.47,1.52,18.37,253.57,0.55,4.29,100.47,1.52,8.27,253.57,1
		5.09,0.14,0.23,10.13,0.04,1.45,19.84,0.04,1.45,19.84,1.00,-0.04,0.02,0.04,0.99,-0.12,-0.01,0.12,0.99,0.0000059,1.04,0.49,0.79,0.55,6.35,101.28,1.54,18.63,257.70,0.55,4.35,101.28,1.54,8.45,257.70,1
		5.13,0.13,0.23,10.15,0.03,1.45,19.85,0.03,1.45,19.85,1.00,-0.04,0.02,0.04,0.99,-0.12,-0.01,0.12,0.99,0.0000040,0.98,0.43,0.18,0.55,6.41,102.09,1.56,18.89,261.87,0.55,4.40,102.09,1.56,8.63,261.87,1
		5.17,0.14,0.25,10.14,0.04,1.49,19.85,0.04,1.49,19.85,1.00,-0.04,0.02,0.04,0.99,-0.12,-0.01,0.12,0.99,0.0000080,1.59,0.37,0.55,0.55,6.47,102.91,1.59,19.16,266.08,0.55,4.46,102.91,1.59,8.81,266.08,1
		5.21,0.13,0.20,10.15,0.02,1.45,19.86,0.02,1.45,19.86,1.00,-0.04,0.02,0.05,0.99,-0.12,-0.01,0.12,0.99,0.0000070,0.79,0.37,0.79,0.55,6.53,103.72,1.61,19.42,270.31,0.55,4.53,103.72,1.61,8.99,270.31,1
		5.25,0.15,0.29,10.13,0.05,1.54,19.83,0.05,1.54,19.83,1.00,-0.04,0.02,0.05,0.99,-0.12,-0.01,0.12,0.99,0.0000059,1.40,0.24,0.31,0.55,6.59,104.54,1.63,19.69,274.58,0.55,4.59,104.54,1.63,9.18,274.58,1
		5.29,0.14,0.25,10.14,0.03,1.51,19.84,0.03,1.51,19.84,1.00,-0.04,0.02,0.05,0.99,-0.12,-0.01,0.13,0.99,0.0000050,1.34,0.06,0.24,0.56,6.65,105.35,1.65,19.96,278.88,0.56,4.65,105.35,1.65,9.37,278.88,1
		5.33,0.14,0.26,10.15,0.04,1.53,19.85,0.04,1.53,19.85,1.00,-0.04,0.02,0.05,0.99,-0.13,-0.01,0.13,0.99,0.0000084,1.65,0.49,0.37,0.56,6.71,106.16,1.68,20.24,283.22,0.56,4.71,106.16,1.68,9.56,283.22,1
		5.37,0.14,0.22,10.15,0.03,1.50,19.86,0.03,1.50,19.86,1.00,-0.04,0.02,0.05,0.99,-0.13,-0.01,0.13,0.99,0.0000049,1.16,0.49,0.61,0.56,6.78,106.98,1.70,20.51,287.59,0.56,4.77,106.98,1.70,9.75,287.59,1
		5.41,0.16,0.27,10.13,0.05,1.56,19.82,0.05,1.56,19.82,1.00,-0.05,0.02,0.05,0.99,-0.13,-0.01,0.13,0.99,0.0000095,1.71,-0.06,0.49,0.56,6.84,107.79,1.72,20.79,291.99,0.56,4.84,107.79,1.72,9.95,291.99,1
		5.45,0.13,0.25,10.14,0.02,1.55,19.84,0.02,1.55,19.84,1.00,-0.05,0.02,0.05,0.99,-0.13,-0.01,0.13,0.99,0.0000077,1.59,0.18,0.31,0.56,6.90,108.60,1.75,21.07,296.43,0.56,4.90,108.60,1.75,10.15,296.43,1
		5.50,0.14,0.25,10.14,0.03,1.57,19.83,0.03,1.57,19.83,1.00,-0.05,0.02,0.05,0.99,-0.13,-0.01,0.13,0.99,0.0000083,1.71,0.24,0.37,0.56,6.97,109.42,1.77,21.36,300.90,0.56,4.96,109.42,1.77,10.35,300.90,1
		5.54,0.12,0.23,10.14,0.01,1.56,19.83,0.01,1.56,19.83,1.00,-0.05,0.02,0.05,0.99,-0.13,-0.01,0.13,0.99,0.0000066,1.46,0.18,0.55,0.56,7.03,110.23,1.79,21.64,305.40,0.56,5.03,110.23,1.79,10.56,305.40,1
		5.58,0.14,0.26,10.15,0.03,1.59,19.83,0.03,1.59,19.83,1.00,-0.05,0.02,0.05,0.99,-0.13,-0.01,0.13,0.99,0.0000056,1.22,0.37,0.55,0.57,7.10,111.04,1.82,21.93,309.94,0.57,5.09,111.04,1.82,10.77,309.94,1
		5.62,0.13,0.23,10.13,0.01,1.58,19.82,0.01,1.58,19.82,1.00,-0.05,0.02,0.05,0.99,-0.13,-0.01,0.13,0.99,0.0000085,1.46,0.67,0.55,0.57,7.16,111.86,1.84,22.23,314.51,0.57,5.16,111.86,1.84,10.98,314.51,1
		5.66,0.14,0.23,10.15,0.01,1.58,19.84,0.01,1.58,19.84,1.00,-0.05,0.02,0.05,0.99,-0.13,-0.01,0.13,0.99,0.0000091,1.04,0.67,1.22,0.57,7.23,112.67,1.86,22.52,319.11,0.57,5.22,112.67,1.86,11.19,319.11,1
		5.70,0.16,0.29,10.13,0.04,1.65,19.81,0.04,1.65,19.81,1.00,-0.05,0.02,0.05,0.99,-0.13,-0.01,0.14,0.99,0.0000095,1.71,-0.06,0.49,0.57,7.29,113.48,1.89,22.82,323.74,0.57,5.29,113.48,1.89,11.40,323.74,1
		5.74,0.12,0.22,10.14,0.00,1.60,19.82,0.00,1.60,19.82,1.00,-0.05,0.02,0.05,0.99,-0.14,-0.01,0.14,0.99,0.0000063,1.40,0.06,0.12,0.57,7.36,114.29,1.91,23.12,328.41,0.57,5.36,114.29,1.91,11.62,328.41,1
		5.78,0.14,0.25,10.14,0.01,1.64,19.82,0.01,1.64,19.82,1.00,-0.05,0.02,0.05,0.99,-0.14,-0.01,0.14,0.99,0.0000072,1.71,0.43,0.31,0.57,7.42,115.11,1.93,23.42,333.12,0.57,5.42,115.11,1.93,11.84,333.12,1
		5.82,0.14,0.24,10.13,0.02,1.64,19.81,0.02,1.64,19.81,1.00,-0.05,0.02,0.05,0.99,-0.14,-0.01,0.14,0.99,0.0000070,1.34,0.37,0.49,0.57,7.49,115.92,1.96,23.73,337.85,0.57,5.49,115.92,1.96,12.07,337.85,1
		5.86,0.14,0.24,10.15,0.02,1.65,19.82,0.02,1.65,19.82,1.00,-0.05,0.02,0.05,0.99,-0.14,-0.01,0.14,0.99,0.0000083,1.53,0.31,0.31,0.57,7.56,116.73,1.98,24.04,342.62,0.57,5.56,116.73,1.98,12.29,342.62,1
		5.91,0.13,0.24,10.15,-0.00,1.66,19.83,-0.00,1.66,19.83,1.00,-0.05,0.02,0.05,0.99,-0.14,-0.01,0.14,0.99,0.0000070,1.34,0.55,0.67,0.57,7.63,117.54,2.00,24.35,347.42,0.57,5.62,117.54,2.00,12.52,347.42,1
		5.95,0.14,0.24,10.14,0.00,1.67,19.82,0.00,1.67,19.82,1.00,-0.05,0.02,0.05,0.99,-0.14,-0.01,0.14,0.99,0.0000076,1.28,0.79,0.73,0.57,7.70,118.36,2.03,24.66,352.26,0.57,5.69,118.36,2.03,12.75,352.26,1
		5.99,0.16,0.25,10.14,0.02,1.69,19.81,0.02,1.69,19.81,1.00,-0.05,0.02,0.05,0.99,-0.14,-0.01,0.14,0.99,0.0000057,1.16,0.18,0.55,0.57,7.76,119.17,2.05,24.98,357.13,0.57,5.76,119.17,2.05,12.99,357.13,1
		6.03,0.14,0.24,10.14,0.00,1.69,19.82,0.00,1.69,19.82,1.00,-0.05,0.02,0.05,0.99,-0.14,-0.01,0.14,0.99,0.0000057,1.28,0.12,0.37,0.57,7.83,119.96,2.07,25.29,361.91,0.57,5.83,119.96,2.07,13.22,361.91,1
		6.07,0.14,0.23,10.12,0.00,1.69,19.80,0.00,1.69,19.80,1.00,-0.05,0.02,0.05,0.99,-0.14,-0.02,0.14,0.99,0.0000074,1.28,0.49,0.67,0.57,7.90,120.79,2.10,25.62,366.97,0.57,5.90,120.79,2.10,13.47,366.97,1
		6.11,0.14,0.26,10.14,0.00,1.73,19.81,0.00,1.73,19.81,1.00,-0.05,0.02,0.05,0.99,-0.14,-0.02,0.15,0.99,0.0000072,1.53,0.31,0.49,0.57,7.97,121.61,2.12,25.95,371.94,0.57,5.97,121.61,2.12,13.71,371.94,1
		6.15,0.13,0.23,10.14,-0.01,1.71,19.81,-0.01,1.71,19.81,1.00,-0.05,0.02,0.05,0.99,-0.15,-0.02,0.15,0.99,0.0000051,1.28,0.12,0.49,0.57,8.04,122.42,2.14,26.27,376.94,0.57,6.04,122.42,2.14,13.96,376.94,1
		6.19,0.14,0.24,10.15,-0.01,1.73,19.82,-0.01,1.73,19.82,1.00,-0.05,0.02,0.05,0.99,-0.15,-0.02,0.15,0.99,0.0000055,1.28,0.37,0.55,0.57,8.11,123.23,2.17,26.61,381.98,0.57,6.11,123.23,2.17,14.21,381.98,1
		6.23,0.14,0.24,10.14,-0.00,1.73,19.80,-0.00,1.73,19.80,1.00,-0.05,0.02,0.05,0.99,-0.15,-0.02,0.15,0.99,0.0000111,1.77,0.55,0.49,0.57,8.18,124.04,2.19,26.94,387.04,0.57,6.18,124.04,2.19,14.46,387.04,1
		6.27,0.14,0.27,10.13,-0.00,1.78,19.79,-0.00,1.78,19.79,1.00,-0.05,0.02,0.05,0.99,-0.15,-0.02,0.15,0.99,0.0000064,1.22,0.18,0.37,0.57,8.26,124.85,2.21,27.28,392.15,0.57,6.25,124.85,2.21,14.71,392.15,1
		6.32,0.13,0.23,10.14,-0.02,1.75,19.80,-0.02,1.75,19.80,1.00,-0.05,0.02,0.06,0.99,-0.15,-0.02,0.15,0.99,0.0000049,1.04,0.31,0.55,0.57,8.33,125.67,2.24,27.62,397.28,0.57,6.33,125.67,2.24,14.97,397.28,1
		6.36,0.15,0.26,10.15,0.00,1.79,19.81,0.00,1.79,19.81,1.00,-0.05,0.02,0.06,0.99,-0.15,-0.02,0.15,0.99,0.0000052,1.22,0.43,0.55,0.57,8.40,126.48,2.26,27.96,402.45,0.57,6.40,126.48,2.26,15.23,402.45,1
		6.40,0.13,0.23,10.15,-0.03,1.76,19.81,-0.03,1.76,19.81,1.00,-0.05,0.02,0.06,0.99,-0.15,-0.02,0.15,0.99,0.0000056,1.10,0.37,0.61,0.57,8.47,127.29,2.28,28.31,407.65,0.57,6.47,127.29,2.28,15.50,407.65,1
		6.44,0.15,0.24,10.13,-0.01,1.78,19.79,-0.01,1.78,19.79,1.00,-0.05,0.03,0.06,0.99,-0.15,-0.02,0.15,0.99,0.0000061,1.40,0.49,0.55,0.57,8.55,128.10,2.31,28.66,412.89,0.57,6.54,128.10,2.31,15.76,412.89,1
		6.48,0.14,0.25,10.14,-0.02,1.80,19.79,-0.02,1.80,19.79,1.00,-0.05,0.03,0.06,0.99,-0.15,-0.02,0.15,0.99,0.0000072,1.53,0.31,0.49,0.57,8.62,128.91,2.33,29.01,418.16,0.57,6.62,128.91,2.33,16.03,418.16,1
		6.52,0.14,0.22,10.14,-0.03,1.78,19.80,-0.03,1.78,19.80,1.00,-0.05,0.03,0.06,0.99,-0.15,-0.02,0.16,0.99,0.0000081,1.53,0.55,0.73,0.57,8.69,129.72,2.35,29.36,423.46,0.57,6.69,129.72,2.35,16.30,423.46,1
		6.56,0.15,0.25,10.14,-0.02,1.81,19.79,-0.02,1.81,19.79,1.00,-0.05,0.03,0.06,0.99,-0.15,-0.02,0.16,0.99,0.0000058,0.92,0.24,0.92,0.57,8.77,130.54,2.38,29.72,428.80,0.57,6.76,130.54,2.38,16.58,428.80,1
		6.60,0.14,0.24,10.15,-0.02,1.82,19.80,-0.02,1.82,19.80,1.00,-0.06,0.03,0.06,0.99,-0.16,-0.02,0.16,0.99,0.0000058,0.98,0.06,0.85,0.57,8.84,131.35,2.40,30.08,434.16,0.57,6.84,131.35,2.40,16.86,434.16,1
		6.64,0.14,0.24,10.13,-0.03,1.83,19.78,-0.03,1.83,19.78,1.00,-0.06,0.03,0.06,0.99,-0.16,-0.02,0.16,0.99,0.0000065,1.34,0.43,0.55,0.56,8.92,132.16,2.42,30.44,439.57,0.56,6.91,132.16,2.42,17.14,439.57,1
		6.68,0.14,0.24,10.14,-0.03,1.83,19.78,-0.03,1.83,19.78,1.00,-0.06,0.03,0.06,0.99,-0.16,-0.02,0.16,0.99,0.0000057,1.34,0.18,0.49,0.56,8.99,132.97,2.45,30.81,445.00,0.56,6.99,132.97,2.45,17.43,445.00,1
		6.72,0.14,0.24,10.13,-0.03,1.84,19.77,-0.03,1.84,19.77,1.00,-0.06,0.03,0.06,0.99,-0.16,-0.02,0.16,0.99,0.0000055,1.16,0.24,0.43,0.56,9.07,133.78,2.47,31.18,450.47,0.56,7.06,133.78,2.47,17.71,450.47,1
		6.77,0.14,0.24,10.13,-0.03,1.86,19.78,-0.03,1.86,19.78,1.00,-0.06,0.03,0.06,0.99,-0.16,-0.02,0.16,0.99,0.0000074,1.40,0.61,0.49,0.56,9.14,134.59,2.49,31.56,455.97,0.56,7.14,134.59,2.49,18.01,455.97,1
		6.81,0.15,0.27,10.14,-0.02,1.89,19.78,-0.02,1.89,19.78,1.00,-0.06,0.03,0.06,0.99,-0.16,-0.02,0.16,0.99,0.0000075,1.22,0.37,0.85,0.56,9.22,135.40,2.52,31.93,461.51,0.56,7.22,135.40,2.52,18.30,461.51,1
		6.85,0.14,0.25,10.15,-0.03,1.89,19.78,-0.03,1.89,19.78,1.00,-0.06,0.03,0.06,0.99,-0.16,-0.02,0.16,0.99,0.0000070,1.53,0.18,0.43,0.56,9.30,136.21,2.54,32.31,467.07,0.56,7.29,136.21,2.54,18.60,467.07,1
		6.89,0.14,0.23,10.15,-0.04,1.88,19.79,-0.04,1.88,19.79,1.00,-0.06,0.03,0.06,0.98,-0.16,-0.02,0.16,0.99,0.0000058,1.34,0.55,0.55,0.56,9.37,137.02,2.56,32.69,472.68,0.56,7.37,137.02,2.56,18.90,472.68,1
		6.93,0.14,0.26,10.14,-0.04,1.91,19.78,-0.04,1.91,19.78,1.00,-0.06,0.03,0.06,0.98,-0.16,-0.02,0.16,0.99,0.0000059,1.34,0.37,0.43,0.56,9.45,137.86,2.58,33.09,478.45,0.56,7.45,137.86,2.58,19.21,478.45,1
		6.97,0.14,0.26,10.14,-0.04,1.92,19.77,-0.04,1.92,19.77,1.00,-0.06,0.03,0.06,0.98,-0.16,-0.02,0.17,0.99,0.0000059,1.65,0.24,0.12,0.55,9.53,138.67,2.61,33.48,484.12,0.55,7.53,138.67,2.61,19.52,484.12,1
		7.01,0.14,0.22,10.14,-0.05,1.89,19.77,-0.05,1.89,19.77,1.00,-0.06,0.03,0.06,0.98,-0.16,-0.02,0.17,0.99,0.0000071,1.46,0.43,0.18,0.55,9.61,139.48,2.63,33.87,489.82,0.55,7.61,139.48,2.63,19.83,489.82,1
		7.05,0.13,0.26,10.14,-0.05,1.94,19.77,-0.05,1.94,19.77,1.00,-0.06,0.03,0.06,0.98,-0.17,-0.02,0.17,0.99,0.0000063,1.28,0.18,0.37,0.55,9.69,140.29,2.65,34.27,495.55,0.55,7.69,140.29,2.65,20.14,495.55,1
		7.10,0.14,0.22,10.14,-0.04,1.91,19.77,-0.04,1.91,19.77,1.00,-0.06,0.03,0.06,0.98,-0.17,-0.02,0.17,0.99,0.0000062,1.40,0.43,0.31,0.55,9.77,141.10,2.68,34.67,501.32,0.55,7.76,141.10,2.68,20.46,501.32,1
		7.14,0.15,0.26,10.15,-0.04,1.97,19.78,-0.04,1.97,19.78,1.00,-0.06,0.03,0.06,0.98,-0.17,-0.02,0.17,0.99,0.0000092,1.65,0.06,0.55,0.55,9.85,141.91,2.70,35.07,507.12,0.55,7.84,141.91,2.70,20.78,507.12,1
		7.18,0.14,0.24,10.13,-0.05,1.95,19.75,-0.05,1.95,19.75,1.00,-0.06,0.03,0.06,0.98,-0.17,-0.02,0.17,0.99,0.0000147,1.53,0.12,1.65,0.55,9.93,142.72,2.72,35.47,512.96,0.55,7.92,142.72,2.72,21.10,512.96,1
		7.22,0.13,0.26,10.13,-0.05,1.98,19.75,-0.05,1.98,19.75,1.00,-0.06,0.03,0.07,0.98,-0.17,-0.02,0.17,0.99,0.0000087,1.10,0.37,1.22,0.54,10.01,143.53,2.74,35.88,518.83,0.54,8.01,143.53,2.74,21.43,518.83,1
		7.26,0.13,0.25,10.13,-0.05,1.99,19.75,-0.05,1.99,19.75,1.00,-0.06,0.03,0.07,0.98,-0.17,-0.02,0.17,0.98,0.0000067,1.53,-0.06,0.37,0.54,10.09,144.34,2.76,36.29,524.73,0.54,8.09,144.34,2.76,21.76,524.73,1
		7.30,0.15,0.25,10.13,-0.04,2.00,19.75,-0.04,2.00,19.75,1.00,-0.06,0.03,0.07,0.98,-0.17,-0.02,0.17,0.98,0.0000090,1.77,0.18,0.37,0.54,10.17,145.15,2.79,36.71,530.66,0.54,8.17,145.15,2.79,22.09,530.66,1
		7.34,0.13,0.24,10.13,-0.05,1.99,19.75,-0.05,1.99,19.75,1.00,-0.06,0.03,0.07,0.98,-0.17,-0.02,0.17,0.98,0.0000068,1.22,0.24,0.85,0.54,10.25,145.96,2.81,37.13,536.63,0.54,8.25,145.96,2.81,22.43,536.63,1
		7.38,0.13,0.23,10.15,-0.06,2.00,19.77,-0.06,2.00,19.77,1.00,-0.06,0.03,0.07,0.98,-0.17,-0.02,0.18,0.98,0.0000050,1.28,0.31,0.43,0.54,10.34,146.79,2.83,37.56,542.78,0.54,8.33,146.79,2.83,22.77,542.78,1
		7.42,0.14,0.28,10.14,-0.04,2.05,19.74,-0.04,2.05,19.74,1.00,-0.06,0.03,0.07,0.98,-0.17,-0.02,0.18,0.98,0.0000057,1.34,0.24,0.37,0.53,10.42,147.60,2.85,37.99,548.81,0.53,8.42,147.60,2.85,23.12,548.81,1
		7.47,0.13,0.23,10.15,-0.06,2.02,19.76,-0.06,2.02,19.76,1.00,-0.06,0.03,0.07,0.98,-0.18,-0.02,0.18,0.98,0.0000057,0.92,0.55,0.43,0.53,10.50,148.41,2.87,38.41,554.88,0.53,8.50,148.41,2.87,23.46,554.88,1
		7.51,0.16,0.27,10.12,-0.04,2.06,19.72,-0.04,2.06,19.72,1.00,-0.06,0.03,0.07,0.98,-0.18,-0.02,0.18,0.98,0.0000081,1.59,0.24,0.85,0.53,10.59,149.22,2.90,38.85,560.98,0.53,8.58,149.22,2.90,23.82,560.98,1
		7.55,0.14,0.23,10.16,-0.06,2.04,19.77,-0.06,2.04,19.77,1.00,-0.06,0.03,0.07,0.98,-0.18,-0.02,0.18,0.98,0.0000136,1.95,0.37,0.18,0.53,10.67,150.03,2.92,39.28,567.12,0.53,8.67,150.03,2.92,24.17,567.12,1
		7.59,0.15,0.25,10.15,-0.05,2.07,19.75,-0.05,2.07,19.75,1.00,-0.06,0.03,0.07,0.98,-0.18,-0.02,0.18,0.98,0.0000075,1.71,0.31,0.37,0.52,10.76,150.84,2.94,39.72,573.28,0.52,8.75,150.84,2.94,24.53,573.28,1
		7.63,0.14,0.25,10.14,-0.05,2.09,19.74,-0.05,2.09,19.74,1.00,-0.06,0.03,0.07,0.98,-0.18,-0.02,0.18,0.98,0.0000076,1.65,0.31,-0.18,0.52,10.84,151.65,2.96,40.17,579.48,0.52,8.84,151.65,2.96,24.89,579.48,1
		7.67,0.14,0.21,10.14,-0.07,2.05,19.74,-0.07,2.05,19.74,1.00,-0.06,0.03,0.07,0.98,-0.18,-0.02,0.18,0.98,0.0000063,1.34,0.37,0.18,0.52,10.93,152.45,2.98,40.61,585.72,0.52,8.92,152.45,2.98,25.25,585.72,1
		7.71,0.14,0.24,10.13,-0.06,2.09,19.72,-0.06,2.09,19.72,1.00,-0.06,0.03,0.07,0.98,-0.18,-0.02,0.18,0.98,0.0000081,1.22,0.67,0.73,0.52,11.01,153.26,3.00,41.06,591.99,0.52,9.01,153.26,3.00,25.62,591.99,1
		7.75,0.15,0.24,10.15,-0.06,2.11,19.75,-0.06,2.11,19.75,1.00,-0.06,0.03,0.07,0.98,-0.18,-0.02,0.19,0.98,0.0000062,1.65,0.43,0.12,0.52,11.10,154.07,3.03,41.51,598.29,0.52,9.09,154.07,3.03,25.99,598.29,1
		7.79,0.14,0.23,10.14,-0.07,2.10,19.73,-0.07,2.10,19.73,1.00,-0.06,0.03,0.07,0.98,-0.18,-0.02,0.19,0.98,0.0000095,1.71,0.49,0.24,0.51,11.18,154.88,3.05,41.97,604.62,0.51,9.18,154.88,3.05,26.36,604.62,1
		7.83,0.15,0.22,10.14,-0.07,2.10,19.73,-0.07,2.10,19.73,1.00,-0.06,0.04,0.07,0.98,-0.19,-0.02,0.19,0.98,0.0000096,1.53,0.49,1.04,0.51,11.27,155.69,3.07,42.43,610.99,0.51,9.27,155.69,3.07,26.74,610.99,1
		7.87,0.53,-0.06,10.07,0.30,1.81,19.73,0.30,1.81,19.73,1.00,-0.07,0.04,0.07,0.98,-0.19,-0.02,0.19,0.98,0.0000240,1.77,0.67,2.32,0.51,11.35,156.50,3.09,42.89,617.39,0.51,9.35,156.50,3.09,27.12,617.39,1
		7.92,0.14,0.21,10.16,-0.08,2.12,19.75,-0.08,2.12,19.75,1.00,-0.07,0.04,0.07,0.98,-0.19,-0.02,0.19,0.98,0.0000028,0.67,0.06,0.61,0.52,11.43,157.31,3.11,43.36,623.82,0.52,9.43,157.31,3.11,27.51,623.82,1
		7.96,0.14,0.26,10.14,-0.07,2.17,19.72,-0.07,2.17,19.72,1.00,-0.07,0.04,0.07,0.98,-0.19,-0.02,0.19,0.98,0.0000000,0.92,0.24,-0.24,0.52,11.52,158.12,3.13,43.83,630.29,0.52,9.51,158.12,3.13,27.90,630.29,1
		8.00,0.16,0.21,10.10,-0.05,2.12,19.69,-0.05,2.12,19.69,1.00,-0.07,0.04,0.07,0.98,-0.19,-0.02,0.19,0.98,0.0000000,0.92,0.18,-0.37,0.51,11.61,158.93,3.15,44.31,636.79,0.51,9.60,158.93,3.15,28.29,636.79,1
